url,ctgr_lclas_id,ctgr_mclas_id,ctgr_sclas_id,ctgr_lclas_nm,ctgr_mclas_nm,ctgr_sclas_nm,reg_dt,last_check_dt,use_yn
https://search.shopping.naver.com/best/category/purchase?categoryCategoryId=ALL&categoryDemo=A00&categoryRootCategoryId=ALL&period=P1D,ALL,,,전체,,,2022-02-03 15:54:10,2022-02-03 15:54:10,Y
https://search.shopping.naver.com/best/category/purchase?categoryCategoryId=50000000&categoryDemo=A00&categoryRootCategoryId=50000000&period=P1D,50000000,,,패션의류,,,2022-02-03 15:54:10,2022-02-03 15:54:10,Y
https://search.shopping.naver.com/best/category/purchase?categoryCategoryId=50000167&categoryChildCategoryId=&categoryDemo=A00&categoryMidCategoryId=50000167&categoryRootCategoryId=50000000&period=P1D,50000000,50000167.0,,패션의류,여성의류,,2022-02-03 15:54:10,2022-02-03 15:54:10,Y
https://search.shopping.naver.com/best/category/purchase?categoryCategoryId=50000778&categoryChildCategoryId=50000778&categoryDemo=A00&categoryMidCategoryId=50000167&categoryRootCategoryId=50000000&period=P1D,50000000,50000167.0,50000778.0,패션의류,여성의류,코디세트,2022-02-03 15:54:10,2022-02-03 15:54:10,Y
https://search.shopping.naver.com/best/category/purchase?categoryCategoryId=50000803&categoryChildCategoryId=50000803&categoryDemo=A00&categoryMidCategoryId=50000167&categoryRootCategoryId=50000000&period=P1D,50000000,50000167.0,50000803.0,패션의류,여성의류,티셔츠,2022-02-03 15:54:10,2022-02-03 15:54:10,Y
https://search.shopping.naver.com/best/category/purchase?categoryCategoryId=50000804&categoryChildCategoryId=50000804&categoryDemo=A00&categoryMidCategoryId=50000167&categoryRootCategoryId=50000000&period=P1D,50000000,50000167.0,50000804.0,패션의류,여성의류,블라우스/셔츠,2022-02-03 15:54:10,2022-02-03 15:54:10,Y
https://search.shopping.naver.com/best/category/purchase?categoryCategoryId=50000805&categoryChildCategoryId=50000805&categoryDemo=A00&categoryMidCategoryId=50000167&categoryRootCategoryId=50000000&period=P1D,50000000,50000167.0,50000805.0,패션의류,여성의류,니트/스웨터,2022-02-03 15:54:10,2022-02-03 15:54:10,Y
https://search.shopping.naver.com/best/category/purchase?categoryCategoryId=50000806&categoryChildCategoryId=50000806&categoryDemo=A00&categoryMidCategoryId=50000167&categoryRootCategoryId=50000000&period=P1D,50000000,50000167.0,50000806.0,패션의류,여성의류,카디건,2022-02-03 15:54:10,2022-02-03 15:54:10,Y
https://search.shopping.naver.com/best/category/purchase?categoryCategoryId=50000807&categoryChildCategoryId=50000807&categoryDemo=A00&categoryMidCategoryId=50000167&categoryRootCategoryId=50000000&period=P1D,50000000,50000167.0,50000807.0,패션의류,여성의류,원피스,2022-02-03 15:54:10,2022-02-03 15:54:10,Y
https://search.shopping.naver.com/best/category/purchase?categoryCategoryId=50000808&categoryChildCategoryId=50000808&categoryDemo=A00&categoryMidCategoryId=50000167&categoryRootCategoryId=50000000&period=P1D,50000000,50000167.0,50000808.0,패션의류,여성의류,스커트,2022-02-03 15:54:10,2022-02-03 15:54:10,Y
https://search.shopping.naver.com/best/category/purchase?categoryCategoryId=50000809&categoryChildCategoryId=50000809&categoryDemo=A00&categoryMidCategoryId=50000167&categoryRootCategoryId=50000000&period=P1D,50000000,50000167.0,50000809.0,패션의류,여성의류,청바지,2022-02-03 15:54:10,2022-02-03 15:54:10,Y
https://search.shopping.naver.com/best/category/purchase?categoryCategoryId=50000810&categoryChildCategoryId=50000810&categoryDemo=A00&categoryMidCategoryId=50000167&categoryRootCategoryId=50000000&period=P1D,50000000,50000167.0,50000810.0,패션의류,여성의류,바지,2022-02-03 15:54:10,2022-02-03 15:54:10,Y
https://search.shopping.naver.com/best/category/purchase?categoryCategoryId=50000811&categoryChildCategoryId=50000811&categoryDemo=A00&categoryMidCategoryId=50000167&categoryRootCategoryId=50000000&period=P1D,50000000,50000167.0,50000811.0,패션의류,여성의류,점프슈트,2022-02-03 15:54:10,2022-02-03 15:54:10,Y
https://search.shopping.naver.com/best/category/purchase?categoryCategoryId=50000812&categoryChildCategoryId=50000812&categoryDemo=A00&categoryMidCategoryId=50000167&categoryRootCategoryId=50000000&period=P1D,50000000,50000167.0,50000812.0,패션의류,여성의류,레깅스,2022-02-03 15:54:10,2022-02-03 15:54:10,Y
https://search.shopping.naver.com/best/category/purchase?categoryCategoryId=50000813&categoryChildCategoryId=50000813&categoryDemo=A00&categoryMidCategoryId=50000167&categoryRootCategoryId=50000000&period=P1D,50000000,50000167.0,50000813.0,패션의류,여성의류,코트,2022-02-03 15:54:10,2022-02-03 15:54:10,Y
https://search.shopping.naver.com/best/category/purchase?categoryCategoryId=50000814&categoryChildCategoryId=50000814&categoryDemo=A00&categoryMidCategoryId=50000167&categoryRootCategoryId=50000000&period=P1D,50000000,50000167.0,50000814.0,패션의류,여성의류,점퍼,2022-02-03 15:54:10,2022-02-03 15:54:10,Y
https://search.shopping.naver.com/best/category/purchase?categoryCategoryId=50000815&categoryChildCategoryId=50000815&categoryDemo=A00&categoryMidCategoryId=50000167&categoryRootCategoryId=50000000&period=P1D,50000000,50000167.0,50000815.0,패션의류,여성의류,재킷,2022-02-03 15:54:10,2022-02-03 15:54:10,Y
https://search.shopping.naver.com/best/category/purchase?categoryCategoryId=50000816&categoryChildCategoryId=50000816&categoryDemo=A00&categoryMidCategoryId=50000167&categoryRootCategoryId=50000000&period=P1D,50000000,50000167.0,50000816.0,패션의류,여성의류,정장세트,2022-02-03 15:54:10,2022-02-03 15:54:10,Y
https://search.shopping.naver.com/best/category/purchase?categoryCategoryId=50000817&categoryChildCategoryId=50000817&categoryDemo=A00&categoryMidCategoryId=50000167&categoryRootCategoryId=50000000&period=P1D,50000000,50000167.0,50000817.0,패션의류,여성의류,조끼,2022-02-03 15:54:10,2022-02-03 15:54:10,Y
https://search.shopping.naver.com/best/category/purchase?categoryCategoryId=50000818&categoryChildCategoryId=50000818&categoryDemo=A00&categoryMidCategoryId=50000167&categoryRootCategoryId=50000000&period=P1D,50000000,50000167.0,50000818.0,패션의류,여성의류,트레이닝복,2022-02-03 15:54:10,2022-02-03 15:54:10,Y
https://search.shopping.naver.com/best/category/purchase?categoryCategoryId=50000819&categoryChildCategoryId=50000819&categoryDemo=A00&categoryMidCategoryId=50000167&categoryRootCategoryId=50000000&period=P1D,50000000,50000167.0,50000819.0,패션의류,여성의류,한복,2022-02-03 15:54:10,2022-02-03 15:54:10,Y
https://search.shopping.naver.com/best/category/purchase?categoryCategoryId=50000820&categoryChildCategoryId=50000820&categoryDemo=A00&categoryMidCategoryId=50000167&categoryRootCategoryId=50000000&period=P1D,50000000,50000167.0,50000820.0,패션의류,여성의류,파티복,2022-02-03 15:54:10,2022-02-03 15:54:10,Y
https://search.shopping.naver.com/best/category/purchase?categoryCategoryId=50000169&categoryChildCategoryId=&categoryDemo=A00&categoryMidCategoryId=50000169&categoryRootCategoryId=50000000&period=P1D,50000000,50000169.0,,패션의류,남성의류,,2022-02-03 15:54:10,2022-02-03 15:54:10,Y
https://search.shopping.naver.com/best/category/purchase?categoryCategoryId=50000830&categoryChildCategoryId=50000830&categoryDemo=A00&categoryMidCategoryId=50000169&categoryRootCategoryId=50000000&period=P1D,50000000,50000169.0,50000830.0,패션의류,남성의류,티셔츠,2022-02-03 15:54:10,2022-02-03 15:54:10,Y
https://search.shopping.naver.com/best/category/purchase?categoryCategoryId=50000831&categoryChildCategoryId=50000831&categoryDemo=A00&categoryMidCategoryId=50000169&categoryRootCategoryId=50000000&period=P1D,50000000,50000169.0,50000831.0,패션의류,남성의류,니트/스웨터,2022-02-03 15:54:10,2022-02-03 15:54:10,Y
https://search.shopping.naver.com/best/category/purchase?categoryCategoryId=50000832&categoryChildCategoryId=50000832&categoryDemo=A00&categoryMidCategoryId=50000169&categoryRootCategoryId=50000000&period=P1D,50000000,50000169.0,50000832.0,패션의류,남성의류,카디건,2022-02-03 15:54:10,2022-02-03 15:54:10,Y
https://search.shopping.naver.com/best/category/purchase?categoryCategoryId=50000833&categoryChildCategoryId=50000833&categoryDemo=A00&categoryMidCategoryId=50000169&categoryRootCategoryId=50000000&period=P1D,50000000,50000169.0,50000833.0,패션의류,남성의류,셔츠/남방,2022-02-03 15:54:10,2022-02-03 15:54:10,Y
https://search.shopping.naver.com/best/category/purchase?categoryCategoryId=50000834&categoryChildCategoryId=50000834&categoryDemo=A00&categoryMidCategoryId=50000169&categoryRootCategoryId=50000000&period=P1D,50000000,50000169.0,50000834.0,패션의류,남성의류,조끼,2022-02-03 15:54:10,2022-02-03 15:54:10,Y
https://search.shopping.naver.com/best/category/purchase?categoryCategoryId=50000835&categoryChildCategoryId=50000835&categoryDemo=A00&categoryMidCategoryId=50000169&categoryRootCategoryId=50000000&period=P1D,50000000,50000169.0,50000835.0,패션의류,남성의류,청바지,2022-02-03 15:54:10,2022-02-03 15:54:10,Y
https://search.shopping.naver.com/best/category/purchase?categoryCategoryId=50000836&categoryChildCategoryId=50000836&categoryDemo=A00&categoryMidCategoryId=50000169&categoryRootCategoryId=50000000&period=P1D,50000000,50000169.0,50000836.0,패션의류,남성의류,바지,2022-02-03 15:54:10,2022-02-03 15:54:10,Y
https://search.shopping.naver.com/best/category/purchase?categoryCategoryId=50000837&categoryChildCategoryId=50000837&categoryDemo=A00&categoryMidCategoryId=50000169&categoryRootCategoryId=50000000&period=P1D,50000000,50000169.0,50000837.0,패션의류,남성의류,점퍼,2022-02-03 15:54:10,2022-02-03 15:54:10,Y
https://search.shopping.naver.com/best/category/purchase?categoryCategoryId=50000838&categoryChildCategoryId=50000838&categoryDemo=A00&categoryMidCategoryId=50000169&categoryRootCategoryId=50000000&period=P1D,50000000,50000169.0,50000838.0,패션의류,남성의류,재킷,2022-02-03 15:54:10,2022-02-03 15:54:10,Y
https://search.shopping.naver.com/best/category/purchase?categoryCategoryId=50000839&categoryChildCategoryId=50000839&categoryDemo=A00&categoryMidCategoryId=50000169&categoryRootCategoryId=50000000&period=P1D,50000000,50000169.0,50000839.0,패션의류,남성의류,코트,2022-02-03 15:54:10,2022-02-03 15:54:10,Y
https://search.shopping.naver.com/best/category/purchase?categoryCategoryId=50000840&categoryChildCategoryId=50000840&categoryDemo=A00&categoryMidCategoryId=50000169&categoryRootCategoryId=50000000&period=P1D,50000000,50000169.0,50000840.0,패션의류,남성의류,정장세트,2022-02-03 15:54:10,2022-02-03 15:54:10,Y
https://search.shopping.naver.com/best/category/purchase?categoryCategoryId=50000841&categoryChildCategoryId=50000841&categoryDemo=A00&categoryMidCategoryId=50000169&categoryRootCategoryId=50000000&period=P1D,50000000,50000169.0,50000841.0,패션의류,남성의류,트레이닝복,2022-02-03 15:54:10,2022-02-03 15:54:10,Y
https://search.shopping.naver.com/best/category/purchase?categoryCategoryId=50000842&categoryChildCategoryId=50000842&categoryDemo=A00&categoryMidCategoryId=50000169&categoryRootCategoryId=50000000&period=P1D,50000000,50000169.0,50000842.0,패션의류,남성의류,한복,2022-02-03 15:54:10,2022-02-03 15:54:10,Y
https://search.shopping.naver.com/best/category/purchase?categoryCategoryId=50000001&categoryDemo=A00&categoryRootCategoryId=50000001&period=P1D,50000001,,,패션잡화,,,2022-02-03 15:54:10,2022-02-03 15:54:10,Y
https://search.shopping.naver.com/best/category/purchase?categoryCategoryId=50000166&categoryChildCategoryId=&categoryDemo=A00&categoryMidCategoryId=50000166&categoryRootCategoryId=50000001&period=P1D,50000001,50000166.0,,패션잡화,양말,,2022-02-03 15:54:10,2022-02-03 15:54:10,Y
https://search.shopping.naver.com/best/category/purchase?categoryCategoryId=50001476&categoryChildCategoryId=50001476&categoryDemo=A00&categoryMidCategoryId=50000166&categoryRootCategoryId=50000001&period=P1D,50000001,50000166.0,50001476.0,패션잡화,양말,여성양말,2022-02-03 15:54:10,2022-02-03 15:54:10,Y
https://search.shopping.naver.com/best/category/purchase?categoryCategoryId=50001477&categoryChildCategoryId=50001477&categoryDemo=A00&categoryMidCategoryId=50000166&categoryRootCategoryId=50000001&period=P1D,50000001,50000166.0,50001477.0,패션잡화,양말,남성양말,2022-02-03 15:54:10,2022-02-03 15:54:10,Y
https://search.shopping.naver.com/best/category/purchase?categoryCategoryId=50000173&categoryChildCategoryId=&categoryDemo=A00&categoryMidCategoryId=50000173&categoryRootCategoryId=50000001&period=P1D,50000001,50000173.0,,패션잡화,여성신발,,2022-02-03 15:54:10,2022-02-03 15:54:10,Y
https://search.shopping.naver.com/best/category/purchase?categoryCategoryId=50000780&categoryChildCategoryId=50000780&categoryDemo=A00&categoryMidCategoryId=50000173&categoryRootCategoryId=50000001&period=P1D,50000001,50000173.0,50000780.0,패션잡화,여성신발,슬리퍼,2022-02-03 15:54:10,2022-02-03 15:54:10,Y
https://search.shopping.naver.com/best/category/purchase?categoryCategoryId=50000781&categoryChildCategoryId=50000781&categoryDemo=A00&categoryMidCategoryId=50000173&categoryRootCategoryId=50000001&period=P1D,50000001,50000173.0,50000781.0,패션잡화,여성신발,실내화,2022-02-03 15:54:10,2022-02-03 15:54:10,Y
https://search.shopping.naver.com/best/category/purchase?categoryCategoryId=50001459&categoryChildCategoryId=50001459&categoryDemo=A00&categoryMidCategoryId=50000173&categoryRootCategoryId=50000001&period=P1D,50000001,50000173.0,50001459.0,패션잡화,여성신발,단화,2022-02-03 15:54:10,2022-02-03 15:54:10,Y
https://search.shopping.naver.com/best/category/purchase?categoryCategoryId=50001460&categoryChildCategoryId=50001460&categoryDemo=A00&categoryMidCategoryId=50000173&categoryRootCategoryId=50000001&period=P1D,50000001,50000173.0,50001460.0,패션잡화,여성신발,힐/펌프스,2022-02-03 15:54:10,2022-02-03 15:54:10,Y
https://search.shopping.naver.com/best/category/purchase?categoryCategoryId=50001461&categoryChildCategoryId=50001461&categoryDemo=A00&categoryMidCategoryId=50000173&categoryRootCategoryId=50000001&period=P1D,50000001,50000173.0,50001461.0,패션잡화,여성신발,워커,2022-02-03 15:54:10,2022-02-03 15:54:10,Y
https://search.shopping.naver.com/best/category/purchase?categoryCategoryId=50001462&categoryChildCategoryId=50001462&categoryDemo=A00&categoryMidCategoryId=50000173&categoryRootCategoryId=50000001&period=P1D,50000001,50000173.0,50001462.0,패션잡화,여성신발,부츠,2022-02-03 15:54:10,2022-02-03 15:54:10,Y
https://search.shopping.naver.com/best/category/purchase?categoryCategoryId=50001463&categoryChildCategoryId=50001463&categoryDemo=A00&categoryMidCategoryId=50000173&categoryRootCategoryId=50000001&period=P1D,50000001,50000173.0,50001463.0,패션잡화,여성신발,운동화,2022-02-03 15:54:10,2022-02-03 15:54:10,Y
https://search.shopping.naver.com/best/category/purchase?categoryCategoryId=50001464&categoryChildCategoryId=50001464&categoryDemo=A00&categoryMidCategoryId=50000173&categoryRootCategoryId=50000001&period=P1D,50000001,50000173.0,50001464.0,패션잡화,여성신발,샌들,2022-02-03 15:54:10,2022-02-03 15:54:10,Y
https://search.shopping.naver.com/best/category/purchase?categoryCategoryId=50001465&categoryChildCategoryId=50001465&categoryDemo=A00&categoryMidCategoryId=50000173&categoryRootCategoryId=50000001&period=P1D,50000001,50000173.0,50001465.0,패션잡화,여성신발,기능화,2022-02-03 15:54:10,2022-02-03 15:54:10,Y
https://search.shopping.naver.com/best/category/purchase?categoryCategoryId=50000174&categoryChildCategoryId=&categoryDemo=A00&categoryMidCategoryId=50000174&categoryRootCategoryId=50000001&period=P1D,50000001,50000174.0,,패션잡화,남성신발,,2022-02-03 15:54:10,2022-02-03 15:54:10,Y
https://search.shopping.naver.com/best/category/purchase?categoryCategoryId=50000783&categoryChildCategoryId=50000783&categoryDemo=A00&categoryMidCategoryId=50000174&categoryRootCategoryId=50000001&period=P1D,50000001,50000174.0,50000783.0,패션잡화,남성신발,슬립온,2022-02-03 15:54:10,2022-02-03 15:54:10,Y
https://search.shopping.naver.com/best/category/purchase?categoryCategoryId=50000784&categoryChildCategoryId=50000784&categoryDemo=A00&categoryMidCategoryId=50000174&categoryRootCategoryId=50000001&period=P1D,50000001,50000174.0,50000784.0,패션잡화,남성신발,모카신/털신,2022-02-03 15:54:10,2022-02-03 15:54:10,Y
https://search.shopping.naver.com/best/category/purchase?categoryCategoryId=50000785&categoryChildCategoryId=50000785&categoryDemo=A00&categoryMidCategoryId=50000174&categoryRootCategoryId=50000001&period=P1D,50000001,50000174.0,50000785.0,패션잡화,남성신발,보트슈즈,2022-02-03 15:54:10,2022-02-03 15:54:10,Y
https://search.shopping.naver.com/best/category/purchase?categoryCategoryId=50000787&categoryChildCategoryId=50000787&categoryDemo=A00&categoryMidCategoryId=50000174&categoryRootCategoryId=50000001&period=P1D,50000001,50000174.0,50000787.0,패션잡화,남성신발,구두,2022-02-03 15:54:10,2022-02-03 15:54:10,Y
https://search.shopping.naver.com/best/category/purchase?categoryCategoryId=50000788&categoryChildCategoryId=50000788&categoryDemo=A00&categoryMidCategoryId=50000174&categoryRootCategoryId=50000001&period=P1D,50000001,50000174.0,50000788.0,패션잡화,남성신발,스니커즈,2022-02-03 15:54:10,2022-02-03 15:54:10,Y
https://search.shopping.naver.com/best/category/purchase?categoryCategoryId=50000789&categoryChildCategoryId=50000789&categoryDemo=A00&categoryMidCategoryId=50000174&categoryRootCategoryId=50000001&period=P1D,50000001,50000174.0,50000789.0,패션잡화,남성신발,샌들,2022-02-03 15:54:10,2022-02-03 15:54:10,Y
https://search.shopping.naver.com/best/category/purchase?categoryCategoryId=50000790&categoryChildCategoryId=50000790&categoryDemo=A00&categoryMidCategoryId=50000174&categoryRootCategoryId=50000001&period=P1D,50000001,50000174.0,50000790.0,패션잡화,남성신발,슬리퍼,2022-02-03 15:54:10,2022-02-03 15:54:10,Y
https://search.shopping.naver.com/best/category/purchase?categoryCategoryId=50000791&categoryChildCategoryId=50000791&categoryDemo=A00&categoryMidCategoryId=50000174&categoryRootCategoryId=50000001&period=P1D,50000001,50000174.0,50000791.0,패션잡화,남성신발,워커,2022-02-03 15:54:10,2022-02-03 15:54:10,Y
https://search.shopping.naver.com/best/category/purchase?categoryCategoryId=50000792&categoryChildCategoryId=50000792&categoryDemo=A00&categoryMidCategoryId=50000174&categoryRootCategoryId=50000001&period=P1D,50000001,50000174.0,50000792.0,패션잡화,남성신발,부츠,2022-02-03 15:54:10,2022-02-03 15:54:10,Y
https://search.shopping.naver.com/best/category/purchase?categoryCategoryId=50001466&categoryChildCategoryId=50001466&categoryDemo=A00&categoryMidCategoryId=50000174&categoryRootCategoryId=50000001&period=P1D,50000001,50000174.0,50001466.0,패션잡화,남성신발,운동화,2022-02-03 15:54:10,2022-02-03 15:54:10,Y
https://search.shopping.naver.com/best/category/purchase?categoryCategoryId=50001467&categoryChildCategoryId=50001467&categoryDemo=A00&categoryMidCategoryId=50000174&categoryRootCategoryId=50000001&period=P1D,50000001,50000174.0,50001467.0,패션잡화,남성신발,기능화,2022-02-03 15:54:10,2022-02-03 15:54:10,Y
https://search.shopping.naver.com/best/category/purchase?categoryCategoryId=50000175&categoryChildCategoryId=&categoryDemo=A00&categoryMidCategoryId=50000175&categoryRootCategoryId=50000001&period=P1D,50000001,50000175.0,,패션잡화,신발용품,,2022-02-03 15:54:10,2022-02-03 15:54:10,Y
https://search.shopping.naver.com/best/category/purchase?categoryCategoryId=50000667&categoryChildCategoryId=50000667&categoryDemo=A00&categoryMidCategoryId=50000175&categoryRootCategoryId=50000001&period=P1D,50000001,50000175.0,50000667.0,패션잡화,신발용품,신발깔창,2022-02-03 15:54:10,2022-02-03 15:54:10,Y
https://search.shopping.naver.com/best/category/purchase?categoryCategoryId=50000668&categoryChildCategoryId=50000668&categoryDemo=A00&categoryMidCategoryId=50000175&categoryRootCategoryId=50000001&period=P1D,50000001,50000175.0,50000668.0,패션잡화,신발용품,신발끈,2022-02-03 15:54:10,2022-02-03 15:54:10,Y
https://search.shopping.naver.com/best/category/purchase?categoryCategoryId=50000669&categoryChildCategoryId=50000669&categoryDemo=A00&categoryMidCategoryId=50000175&categoryRootCategoryId=50000001&period=P1D,50000001,50000175.0,50000669.0,패션잡화,신발용품,보호쿠션/패드,2022-02-03 15:54:10,2022-02-03 15:54:10,Y
https://search.shopping.naver.com/best/category/purchase?categoryCategoryId=50000672&categoryChildCategoryId=50000672&categoryDemo=A00&categoryMidCategoryId=50000175&categoryRootCategoryId=50000001&period=P1D,50000001,50000175.0,50000672.0,패션잡화,신발용품,기타신발용품,2022-02-03 15:54:10,2022-02-03 15:54:10,Y
https://search.shopping.naver.com/best/category/purchase?categoryCategoryId=50006909&categoryChildCategoryId=50006909&categoryDemo=A00&categoryMidCategoryId=50000175&categoryRootCategoryId=50000001&period=P1D,50000001,50000175.0,50006909.0,패션잡화,신발용품,슈즈커버,2022-02-03 15:54:10,2022-02-03 15:54:10,Y
https://search.shopping.naver.com/best/category/purchase?categoryCategoryId=50000176&categoryChildCategoryId=&categoryDemo=A00&categoryMidCategoryId=50000176&categoryRootCategoryId=50000001&period=P1D,50000001,50000176.0,,패션잡화,여성가방,,2022-02-03 15:54:10,2022-02-03 15:54:10,Y
https://search.shopping.naver.com/best/category/purchase?categoryCategoryId=50000639&categoryChildCategoryId=50000639&categoryDemo=A00&categoryMidCategoryId=50000176&categoryRootCategoryId=50000001&period=P1D,50000001,50000176.0,50000639.0,패션잡화,여성가방,숄더백,2022-02-03 15:54:10,2022-02-03 15:54:10,Y
https://search.shopping.naver.com/best/category/purchase?categoryCategoryId=50000640&categoryChildCategoryId=50000640&categoryDemo=A00&categoryMidCategoryId=50000176&categoryRootCategoryId=50000001&period=P1D,50000001,50000176.0,50000640.0,패션잡화,여성가방,토트백,2022-02-03 15:54:10,2022-02-03 15:54:10,Y
https://search.shopping.naver.com/best/category/purchase?categoryCategoryId=50000641&categoryChildCategoryId=50000641&categoryDemo=A00&categoryMidCategoryId=50000176&categoryRootCategoryId=50000001&period=P1D,50000001,50000176.0,50000641.0,패션잡화,여성가방,크로스백,2022-02-03 15:54:10,2022-02-03 15:54:10,Y
https://search.shopping.naver.com/best/category/purchase?categoryCategoryId=50000642&categoryChildCategoryId=50000642&categoryDemo=A00&categoryMidCategoryId=50000176&categoryRootCategoryId=50000001&period=P1D,50000001,50000176.0,50000642.0,패션잡화,여성가방,클러치백,2022-02-03 15:54:10,2022-02-03 15:54:10,Y
https://search.shopping.naver.com/best/category/purchase?categoryCategoryId=50000643&categoryChildCategoryId=50000643&categoryDemo=A00&categoryMidCategoryId=50000176&categoryRootCategoryId=50000001&period=P1D,50000001,50000176.0,50000643.0,패션잡화,여성가방,파우치,2022-02-03 15:54:10,2022-02-03 15:54:10,Y
https://search.shopping.naver.com/best/category/purchase?categoryCategoryId=50000644&categoryChildCategoryId=50000644&categoryDemo=A00&categoryMidCategoryId=50000176&categoryRootCategoryId=50000001&period=P1D,50000001,50000176.0,50000644.0,패션잡화,여성가방,백팩,2022-02-03 15:54:10,2022-02-03 15:54:10,Y
https://search.shopping.naver.com/best/category/purchase?categoryCategoryId=50000645&categoryChildCategoryId=50000645&categoryDemo=A00&categoryMidCategoryId=50000176&categoryRootCategoryId=50000001&period=P1D,50000001,50000176.0,50000645.0,패션잡화,여성가방,힙색,2022-02-03 15:54:10,2022-02-03 15:54:10,Y
https://search.shopping.naver.com/best/category/purchase?categoryCategoryId=50001468&categoryChildCategoryId=50001468&categoryDemo=A00&categoryMidCategoryId=50000176&categoryRootCategoryId=50000001&period=P1D,50000001,50000176.0,50001468.0,패션잡화,여성가방,가방소품,2022-02-03 15:54:10,2022-02-03 15:54:10,Y
https://search.shopping.naver.com/best/category/purchase?categoryCategoryId=50000177&categoryChildCategoryId=&categoryDemo=A00&categoryMidCategoryId=50000177&categoryRootCategoryId=50000001&period=P1D,50000001,50000177.0,,패션잡화,남성가방,,2022-02-03 15:54:10,2022-02-03 15:54:10,Y
https://search.shopping.naver.com/best/category/purchase?categoryCategoryId=50000646&categoryChildCategoryId=50000646&categoryDemo=A00&categoryMidCategoryId=50000177&categoryRootCategoryId=50000001&period=P1D,50000001,50000177.0,50000646.0,패션잡화,남성가방,숄더백,2022-02-03 15:54:10,2022-02-03 15:54:10,Y
https://search.shopping.naver.com/best/category/purchase?categoryCategoryId=50000647&categoryChildCategoryId=50000647&categoryDemo=A00&categoryMidCategoryId=50000177&categoryRootCategoryId=50000001&period=P1D,50000001,50000177.0,50000647.0,패션잡화,남성가방,토트백,2022-02-03 15:54:10,2022-02-03 15:54:10,Y
https://search.shopping.naver.com/best/category/purchase?categoryCategoryId=50000648&categoryChildCategoryId=50000648&categoryDemo=A00&categoryMidCategoryId=50000177&categoryRootCategoryId=50000001&period=P1D,50000001,50000177.0,50000648.0,패션잡화,남성가방,크로스백,2022-02-03 15:54:10,2022-02-03 15:54:10,Y
https://search.shopping.naver.com/best/category/purchase?categoryCategoryId=50000649&categoryChildCategoryId=50000649&categoryDemo=A00&categoryMidCategoryId=50000177&categoryRootCategoryId=50000001&period=P1D,50000001,50000177.0,50000649.0,패션잡화,남성가방,클러치백,2022-02-03 15:54:10,2022-02-03 15:54:10,Y
https://search.shopping.naver.com/best/category/purchase?categoryCategoryId=50000650&categoryChildCategoryId=50000650&categoryDemo=A00&categoryMidCategoryId=50000177&categoryRootCategoryId=50000001&period=P1D,50000001,50000177.0,50000650.0,패션잡화,남성가방,브리프케이스,2022-02-03 15:54:10,2022-02-03 15:54:10,Y
https://search.shopping.naver.com/best/category/purchase?categoryCategoryId=50000651&categoryChildCategoryId=50000651&categoryDemo=A00&categoryMidCategoryId=50000177&categoryRootCategoryId=50000001&period=P1D,50000001,50000177.0,50000651.0,패션잡화,남성가방,백팩,2022-02-03 15:54:10,2022-02-03 15:54:10,Y
https://search.shopping.naver.com/best/category/purchase?categoryCategoryId=50000652&categoryChildCategoryId=50000652&categoryDemo=A00&categoryMidCategoryId=50000177&categoryRootCategoryId=50000001&period=P1D,50000001,50000177.0,50000652.0,패션잡화,남성가방,힙색,2022-02-03 15:54:10,2022-02-03 15:54:10,Y
https://search.shopping.naver.com/best/category/purchase?categoryCategoryId=50000178&categoryChildCategoryId=&categoryDemo=A00&categoryMidCategoryId=50000178&categoryRootCategoryId=50000001&period=P1D,50000001,50000178.0,,패션잡화,여행용가방/소품,,2022-02-03 15:54:10,2022-02-03 15:54:10,Y
https://search.shopping.naver.com/best/category/purchase?categoryCategoryId=50000653&categoryChildCategoryId=50000653&categoryDemo=A00&categoryMidCategoryId=50000178&categoryRootCategoryId=50000001&period=P1D,50000001,50000178.0,50000653.0,패션잡화,여행용가방/소품,보스턴가방,2022-02-03 15:54:10,2022-02-03 15:54:10,Y
https://search.shopping.naver.com/best/category/purchase?categoryCategoryId=50000658&categoryChildCategoryId=50000658&categoryDemo=A00&categoryMidCategoryId=50000178&categoryRootCategoryId=50000001&period=P1D,50000001,50000178.0,50000658.0,패션잡화,여행용가방/소품,여행소품케이스,2022-02-03 15:54:10,2022-02-03 15:54:10,Y
https://search.shopping.naver.com/best/category/purchase?categoryCategoryId=50000659&categoryChildCategoryId=50000659&categoryDemo=A00&categoryMidCategoryId=50000178&categoryRootCategoryId=50000001&period=P1D,50000001,50000178.0,50000659.0,패션잡화,여행용가방/소품,네임태그,2022-02-03 15:54:10,2022-02-03 15:54:10,Y
https://search.shopping.naver.com/best/category/purchase?categoryCategoryId=50005464&categoryChildCategoryId=50005464&categoryDemo=A00&categoryMidCategoryId=50000178&categoryRootCategoryId=50000001&period=P1D,50000001,50000178.0,50005464.0,패션잡화,여행용가방/소품,캐리어소품,2022-02-03 15:54:10,2022-02-03 15:54:10,Y
https://search.shopping.naver.com/best/category/purchase?categoryCategoryId=50006908&categoryChildCategoryId=50006908&categoryDemo=A00&categoryMidCategoryId=50000178&categoryRootCategoryId=50000001&period=P1D,50000001,50000178.0,50006908.0,패션잡화,여행용가방/소품,캐리어커버,2022-02-03 15:54:10,2022-02-03 15:54:10,Y
https://search.shopping.naver.com/best/category/purchase?categoryCategoryId=50007808&categoryChildCategoryId=50007808&categoryDemo=A00&categoryMidCategoryId=50000178&categoryRootCategoryId=50000001&period=P1D,50000001,50000178.0,50007808.0,패션잡화,여행용가방/소품,기내용 캐리어,2022-02-03 15:54:10,2022-02-03 15:54:10,Y
https://search.shopping.naver.com/best/category/purchase?categoryCategoryId=50007948&categoryChildCategoryId=50007948&categoryDemo=A00&categoryMidCategoryId=50000178&categoryRootCategoryId=50000001&period=P1D,50000001,50000178.0,50007948.0,패션잡화,여행용가방/소품,중대형 캐리어,2022-02-03 15:54:10,2022-02-03 15:54:10,Y
https://search.shopping.naver.com/best/category/purchase?categoryCategoryId=50000179&categoryChildCategoryId=&categoryDemo=A00&categoryMidCategoryId=50000179&categoryRootCategoryId=50000001&period=P1D,50000001,50000179.0,,패션잡화,지갑,,2022-02-03 15:54:10,2022-02-03 15:54:10,Y
https://search.shopping.naver.com/best/category/purchase?categoryCategoryId=50000661&categoryChildCategoryId=50000661&categoryDemo=A00&categoryMidCategoryId=50000179&categoryRootCategoryId=50000001&period=P1D,50000001,50000179.0,50000661.0,패션잡화,지갑,머니클립,2022-02-03 15:54:10,2022-02-03 15:54:10,Y
https://search.shopping.naver.com/best/category/purchase?categoryCategoryId=50000662&categoryChildCategoryId=50000662&categoryDemo=A00&categoryMidCategoryId=50000179&categoryRootCategoryId=50000001&period=P1D,50000001,50000179.0,50000662.0,패션잡화,지갑,카드/명함지갑,2022-02-03 15:54:10,2022-02-03 15:54:10,Y
https://search.shopping.naver.com/best/category/purchase?categoryCategoryId=50000663&categoryChildCategoryId=50000663&categoryDemo=A00&categoryMidCategoryId=50000179&categoryRootCategoryId=50000001&period=P1D,50000001,50000179.0,50000663.0,패션잡화,지갑,열쇠지갑,2022-02-03 15:54:10,2022-02-03 15:54:10,Y
https://search.shopping.naver.com/best/category/purchase?categoryCategoryId=50000664&categoryChildCategoryId=50000664&categoryDemo=A00&categoryMidCategoryId=50000179&categoryRootCategoryId=50000001&period=P1D,50000001,50000179.0,50000664.0,패션잡화,지갑,동전지갑,2022-02-03 15:54:10,2022-02-03 15:54:10,Y
https://search.shopping.naver.com/best/category/purchase?categoryCategoryId=50001471&categoryChildCategoryId=50001471&categoryDemo=A00&categoryMidCategoryId=50000179&categoryRootCategoryId=50000001&period=P1D,50000001,50000179.0,50001471.0,패션잡화,지갑,여성지갑,2022-02-03 15:54:10,2022-02-03 15:54:10,Y
https://search.shopping.naver.com/best/category/purchase?categoryCategoryId=50001472&categoryChildCategoryId=50001472&categoryDemo=A00&categoryMidCategoryId=50000179&categoryRootCategoryId=50000001&period=P1D,50000001,50000179.0,50001472.0,패션잡화,지갑,남성지갑,2022-02-03 15:54:10,2022-02-03 15:54:10,Y
https://search.shopping.naver.com/best/category/purchase?categoryCategoryId=50000180&categoryChildCategoryId=&categoryDemo=A00&categoryMidCategoryId=50000180&categoryRootCategoryId=50000001&period=P1D,50000001,50000180.0,,패션잡화,벨트,,2022-02-03 15:54:10,2022-02-03 15:54:10,Y
https://search.shopping.naver.com/best/category/purchase?categoryCategoryId=50000539&categoryChildCategoryId=50000539&categoryDemo=A00&categoryMidCategoryId=50000180&categoryRootCategoryId=50000001&period=P1D,50000001,50000180.0,50000539.0,패션잡화,벨트,여성벨트,2022-02-03 15:54:10,2022-02-03 15:54:10,Y
https://search.shopping.naver.com/best/category/purchase?categoryCategoryId=50001473&categoryChildCategoryId=50001473&categoryDemo=A00&categoryMidCategoryId=50000180&categoryRootCategoryId=50000001&period=P1D,50000001,50000180.0,50001473.0,패션잡화,벨트,남성벨트,2022-02-03 15:54:10,2022-02-03 15:54:10,Y
https://search.shopping.naver.com/best/category/purchase?categoryCategoryId=50000181&categoryChildCategoryId=&categoryDemo=A00&categoryMidCategoryId=50000181&categoryRootCategoryId=50000001&period=P1D,50000001,50000181.0,,패션잡화,모자,,2022-02-03 15:54:10,2022-02-03 15:54:10,Y
https://search.shopping.naver.com/best/category/purchase?categoryCategoryId=50000541&categoryChildCategoryId=50000541&categoryDemo=A00&categoryMidCategoryId=50000181&categoryRootCategoryId=50000001&period=P1D,50000001,50000181.0,50000541.0,패션잡화,모자,군모,2022-02-03 15:54:10,2022-02-03 15:54:10,Y
https://search.shopping.naver.com/best/category/purchase?categoryCategoryId=50000542&categoryChildCategoryId=50000542&categoryDemo=A00&categoryMidCategoryId=50000181&categoryRootCategoryId=50000001&period=P1D,50000001,50000181.0,50000542.0,패션잡화,모자,선캡,2022-02-03 15:54:10,2022-02-03 15:54:10,Y
https://search.shopping.naver.com/best/category/purchase?categoryCategoryId=50000543&categoryChildCategoryId=50000543&categoryDemo=A00&categoryMidCategoryId=50000181&categoryRootCategoryId=50000001&period=P1D,50000001,50000181.0,50000543.0,패션잡화,모자,비니,2022-02-03 15:54:10,2022-02-03 15:54:10,Y
https://search.shopping.naver.com/best/category/purchase?categoryCategoryId=50000545&categoryChildCategoryId=50000545&categoryDemo=A00&categoryMidCategoryId=50000181&categoryRootCategoryId=50000001&period=P1D,50000001,50000181.0,50000545.0,패션잡화,모자,두건/반다나,2022-02-03 15:54:10,2022-02-03 15:54:10,Y
https://search.shopping.naver.com/best/category/purchase?categoryCategoryId=50000546&categoryChildCategoryId=50000546&categoryDemo=A00&categoryMidCategoryId=50000181&categoryRootCategoryId=50000001&period=P1D,50000001,50000181.0,50000546.0,패션잡화,모자,사파리모자,2022-02-03 15:54:10,2022-02-03 15:54:10,Y
https://search.shopping.naver.com/best/category/purchase?categoryCategoryId=50000548&categoryChildCategoryId=50000548&categoryDemo=A00&categoryMidCategoryId=50000181&categoryRootCategoryId=50000001&period=P1D,50000001,50000181.0,50000548.0,패션잡화,모자,귀달이모자,2022-02-03 15:54:10,2022-02-03 15:54:10,Y
https://search.shopping.naver.com/best/category/purchase?categoryCategoryId=50001474&categoryChildCategoryId=50001474&categoryDemo=A00&categoryMidCategoryId=50000181&categoryRootCategoryId=50000001&period=P1D,50000001,50000181.0,50001474.0,패션잡화,모자,야구모자,2022-02-03 15:54:10,2022-02-03 15:54:10,Y
https://search.shopping.naver.com/best/category/purchase?categoryCategoryId=50001475&categoryChildCategoryId=50001475&categoryDemo=A00&categoryMidCategoryId=50000181&categoryRootCategoryId=50000001&period=P1D,50000001,50000181.0,50001475.0,패션잡화,모자,스냅백,2022-02-03 15:54:10,2022-02-03 15:54:10,Y
https://search.shopping.naver.com/best/category/purchase?categoryCategoryId=50006868&categoryChildCategoryId=50006868&categoryDemo=A00&categoryMidCategoryId=50000181&categoryRootCategoryId=50000001&period=P1D,50000001,50000181.0,50006868.0,패션잡화,모자,베레모,2022-02-03 15:54:10,2022-02-03 15:54:10,Y
https://search.shopping.naver.com/best/category/purchase?categoryCategoryId=50000182&categoryChildCategoryId=&categoryDemo=A00&categoryMidCategoryId=50000182&categoryRootCategoryId=50000001&period=P1D,50000001,50000182.0,,패션잡화,장갑,,2022-02-03 15:54:10,2022-02-03 15:54:10,Y
https://search.shopping.naver.com/best/category/purchase?categoryCategoryId=50000551&categoryChildCategoryId=50000551&categoryDemo=A00&categoryMidCategoryId=50000182&categoryRootCategoryId=50000001&period=P1D,50000001,50000182.0,50000551.0,패션잡화,장갑,여성장갑,2022-02-03 15:54:10,2022-02-03 15:54:10,Y
https://search.shopping.naver.com/best/category/purchase?categoryCategoryId=50000552&categoryChildCategoryId=50000552&categoryDemo=A00&categoryMidCategoryId=50000182&categoryRootCategoryId=50000001&period=P1D,50000001,50000182.0,50000552.0,패션잡화,장갑,남성장갑,2022-02-03 15:54:10,2022-02-03 15:54:10,Y
https://search.shopping.naver.com/best/category/purchase?categoryCategoryId=50000553&categoryChildCategoryId=50000553&categoryDemo=A00&categoryMidCategoryId=50000182&categoryRootCategoryId=50000001&period=P1D,50000001,50000182.0,50000553.0,패션잡화,장갑,암워머/토시,2022-02-03 15:54:10,2022-02-03 15:54:10,Y
https://search.shopping.naver.com/best/category/purchase?categoryCategoryId=50000183&categoryChildCategoryId=&categoryDemo=A00&categoryMidCategoryId=50000183&categoryRootCategoryId=50000001&period=P1D,50000001,50000183.0,,패션잡화,선글라스/안경테,,2022-02-03 15:54:10,2022-02-03 15:54:10,Y
https://search.shopping.naver.com/best/category/purchase?categoryCategoryId=50000554&categoryChildCategoryId=50000554&categoryDemo=A00&categoryMidCategoryId=50000183&categoryRootCategoryId=50000001&period=P1D,50000001,50000183.0,50000554.0,패션잡화,선글라스/안경테,선글라스,2022-02-03 15:54:10,2022-02-03 15:54:10,Y
https://search.shopping.naver.com/best/category/purchase?categoryCategoryId=50000556&categoryChildCategoryId=50000556&categoryDemo=A00&categoryMidCategoryId=50000183&categoryRootCategoryId=50000001&period=P1D,50000001,50000183.0,50000556.0,패션잡화,선글라스/안경테,안경테,2022-02-03 15:54:10,2022-02-03 15:54:10,Y
https://search.shopping.naver.com/best/category/purchase?categoryCategoryId=50000557&categoryChildCategoryId=50000557&categoryDemo=A00&categoryMidCategoryId=50000183&categoryRootCategoryId=50000001&period=P1D,50000001,50000183.0,50000557.0,패션잡화,선글라스/안경테,안경케이스,2022-02-03 15:54:10,2022-02-03 15:54:10,Y
https://search.shopping.naver.com/best/category/purchase?categoryCategoryId=50000558&categoryChildCategoryId=50000558&categoryDemo=A00&categoryMidCategoryId=50000183&categoryRootCategoryId=50000001&period=P1D,50000001,50000183.0,50000558.0,패션잡화,선글라스/안경테,안경소품,2022-02-03 15:54:10,2022-02-03 15:54:10,Y
https://search.shopping.naver.com/best/category/purchase?categoryCategoryId=50000559&categoryChildCategoryId=50000559&categoryDemo=A00&categoryMidCategoryId=50000183&categoryRootCategoryId=50000001&period=P1D,50000001,50000183.0,50000559.0,패션잡화,선글라스/안경테,안경줄,2022-02-03 15:54:10,2022-02-03 15:54:10,Y
https://search.shopping.naver.com/best/category/purchase?categoryCategoryId=50000184&categoryChildCategoryId=&categoryDemo=A00&categoryMidCategoryId=50000184&categoryRootCategoryId=50000001&period=P1D,50000001,50000184.0,,패션잡화,헤어액세서리,,2022-02-03 15:54:10,2022-02-03 15:54:10,Y
https://search.shopping.naver.com/best/category/purchase?categoryCategoryId=50000560&categoryChildCategoryId=50000560&categoryDemo=A00&categoryMidCategoryId=50000184&categoryRootCategoryId=50000001&period=P1D,50000001,50000184.0,50000560.0,패션잡화,헤어액세서리,헤어밴드,2022-02-03 15:54:10,2022-02-03 15:54:10,Y
https://search.shopping.naver.com/best/category/purchase?categoryCategoryId=50000561&categoryChildCategoryId=50000561&categoryDemo=A00&categoryMidCategoryId=50000184&categoryRootCategoryId=50000001&period=P1D,50000001,50000184.0,50000561.0,패션잡화,헤어액세서리,헤어핀,2022-02-03 15:54:10,2022-02-03 15:54:10,Y
https://search.shopping.naver.com/best/category/purchase?categoryCategoryId=50000562&categoryChildCategoryId=50000562&categoryDemo=A00&categoryMidCategoryId=50000184&categoryRootCategoryId=50000001&period=P1D,50000001,50000184.0,50000562.0,패션잡화,헤어액세서리,헤어끈,2022-02-03 15:54:10,2022-02-03 15:54:10,Y
https://search.shopping.naver.com/best/category/purchase?categoryCategoryId=50001478&categoryChildCategoryId=50001478&categoryDemo=A00&categoryMidCategoryId=50000184&categoryRootCategoryId=50000001&period=P1D,50000001,50000184.0,50001478.0,패션잡화,헤어액세서리,가발,2022-02-03 15:54:10,2022-02-03 15:54:10,Y
https://search.shopping.naver.com/best/category/purchase?categoryCategoryId=50000185&categoryChildCategoryId=&categoryDemo=A00&categoryMidCategoryId=50000185&categoryRootCategoryId=50000001&period=P1D,50000001,50000185.0,,패션잡화,패션소품,,2022-02-03 15:54:10,2022-02-03 15:54:10,Y
https://search.shopping.naver.com/best/category/purchase?categoryCategoryId=50000434&categoryChildCategoryId=50000434&categoryDemo=A00&categoryMidCategoryId=50000185&categoryRootCategoryId=50000001&period=P1D,50000001,50000185.0,50000434.0,패션잡화,패션소품,기타패션소품,2022-02-03 15:54:10,2022-02-03 15:54:10,Y
https://search.shopping.naver.com/best/category/purchase?categoryCategoryId=50000565&categoryChildCategoryId=50000565&categoryDemo=A00&categoryMidCategoryId=50000185&categoryRootCategoryId=50000001&period=P1D,50000001,50000185.0,50000565.0,패션잡화,패션소품,머플러,2022-02-03 15:54:10,2022-02-03 15:54:10,Y
https://search.shopping.naver.com/best/category/purchase?categoryCategoryId=50000567&categoryChildCategoryId=50000567&categoryDemo=A00&categoryMidCategoryId=50000185&categoryRootCategoryId=50000001&period=P1D,50000001,50000185.0,50000567.0,패션잡화,패션소품,숄,2022-02-03 15:54:10,2022-02-03 15:54:10,Y
https://search.shopping.naver.com/best/category/purchase?categoryCategoryId=50000570&categoryChildCategoryId=50000570&categoryDemo=A00&categoryMidCategoryId=50000185&categoryRootCategoryId=50000001&period=P1D,50000001,50000185.0,50000570.0,패션잡화,패션소품,키홀더,2022-02-03 15:54:10,2022-02-03 15:54:10,Y
https://search.shopping.naver.com/best/category/purchase?categoryCategoryId=50001479&categoryChildCategoryId=50001479&categoryDemo=A00&categoryMidCategoryId=50000185&categoryRootCategoryId=50000001&period=P1D,50000001,50000185.0,50001479.0,패션잡화,패션소품,스카프,2022-02-03 15:54:10,2022-02-03 15:54:10,Y
https://search.shopping.naver.com/best/category/purchase?categoryCategoryId=50001480&categoryChildCategoryId=50001480&categoryDemo=A00&categoryMidCategoryId=50000185&categoryRootCategoryId=50000001&period=P1D,50000001,50000185.0,50001480.0,패션잡화,패션소품,손수건,2022-02-03 15:54:10,2022-02-03 15:54:10,Y
https://search.shopping.naver.com/best/category/purchase?categoryCategoryId=50001481&categoryChildCategoryId=50001481&categoryDemo=A00&categoryMidCategoryId=50000185&categoryRootCategoryId=50000001&period=P1D,50000001,50000185.0,50001481.0,패션잡화,패션소품,넥타이,2022-02-03 15:54:10,2022-02-03 15:54:10,Y
https://search.shopping.naver.com/best/category/purchase?categoryCategoryId=50001482&categoryChildCategoryId=50001482&categoryDemo=A00&categoryMidCategoryId=50000185&categoryRootCategoryId=50000001&period=P1D,50000001,50000185.0,50001482.0,패션잡화,패션소품,우산,2022-02-03 15:54:10,2022-02-03 15:54:10,Y
https://search.shopping.naver.com/best/category/purchase?categoryCategoryId=50001484&categoryChildCategoryId=50001484&categoryDemo=A00&categoryMidCategoryId=50000185&categoryRootCategoryId=50000001&period=P1D,50000001,50000185.0,50001484.0,패션잡화,패션소품,스타킹,2022-02-03 15:54:10,2022-02-03 15:54:10,Y
https://search.shopping.naver.com/best/category/purchase?categoryCategoryId=50001485&categoryChildCategoryId=50001485&categoryDemo=A00&categoryMidCategoryId=50000185&categoryRootCategoryId=50000001&period=P1D,50000001,50000185.0,50001485.0,패션잡화,패션소품,브로치,2022-02-03 15:54:10,2022-02-03 15:54:10,Y
https://search.shopping.naver.com/best/category/purchase?categoryCategoryId=50001486&categoryChildCategoryId=50001486&categoryDemo=A00&categoryMidCategoryId=50000185&categoryRootCategoryId=50000001&period=P1D,50000001,50000185.0,50001486.0,패션잡화,패션소품,라이터/담배용품,2022-02-03 15:54:10,2022-02-03 15:54:10,Y
https://search.shopping.naver.com/best/category/purchase?categoryCategoryId=50000186&categoryChildCategoryId=&categoryDemo=A00&categoryMidCategoryId=50000186&categoryRootCategoryId=50000001&period=P1D,50000001,50000186.0,,패션잡화,시계,,2022-02-03 15:54:10,2022-02-03 15:54:10,Y
https://search.shopping.naver.com/best/category/purchase?categoryCategoryId=50000426&categoryChildCategoryId=50000426&categoryDemo=A00&categoryMidCategoryId=50000186&categoryRootCategoryId=50000001&period=P1D,50000001,50000186.0,50000426.0,패션잡화,시계,아동시계,2022-02-03 15:54:10,2022-02-03 15:54:10,Y
https://search.shopping.naver.com/best/category/purchase?categoryCategoryId=50001487&categoryChildCategoryId=50001487&categoryDemo=A00&categoryMidCategoryId=50000186&categoryRootCategoryId=50000001&period=P1D,50000001,50000186.0,50001487.0,패션잡화,시계,패션시계,2022-02-03 15:54:10,2022-02-03 15:54:10,Y
https://search.shopping.naver.com/best/category/purchase?categoryCategoryId=50001488&categoryChildCategoryId=50001488&categoryDemo=A00&categoryMidCategoryId=50000186&categoryRootCategoryId=50000001&period=P1D,50000001,50000186.0,50001488.0,패션잡화,시계,시계소품,2022-02-03 15:54:10,2022-02-03 15:54:10,Y
https://search.shopping.naver.com/best/category/purchase?categoryCategoryId=50000189&categoryChildCategoryId=&categoryDemo=A00&categoryMidCategoryId=50000189&categoryRootCategoryId=50000001&period=P1D,50000001,50000189.0,,패션잡화,주얼리,,2022-02-03 15:54:10,2022-02-03 15:54:10,Y
https://search.shopping.naver.com/best/category/purchase?categoryCategoryId=50001489&categoryChildCategoryId=50001489&categoryDemo=A00&categoryMidCategoryId=50000189&categoryRootCategoryId=50000001&period=P1D,50000001,50000189.0,50001489.0,패션잡화,주얼리,반지,2022-02-03 15:54:10,2022-02-03 15:54:10,Y
https://search.shopping.naver.com/best/category/purchase?categoryCategoryId=50001490&categoryChildCategoryId=50001490&categoryDemo=A00&categoryMidCategoryId=50000189&categoryRootCategoryId=50000001&period=P1D,50000001,50000189.0,50001490.0,패션잡화,주얼리,귀걸이,2022-02-03 15:54:10,2022-02-03 15:54:10,Y
https://search.shopping.naver.com/best/category/purchase?categoryCategoryId=50001491&categoryChildCategoryId=50001491&categoryDemo=A00&categoryMidCategoryId=50000189&categoryRootCategoryId=50000001&period=P1D,50000001,50000189.0,50001491.0,패션잡화,주얼리,목걸이,2022-02-03 15:54:10,2022-02-03 15:54:10,Y
https://search.shopping.naver.com/best/category/purchase?categoryCategoryId=50001492&categoryChildCategoryId=50001492&categoryDemo=A00&categoryMidCategoryId=50000189&categoryRootCategoryId=50000001&period=P1D,50000001,50000189.0,50001492.0,패션잡화,주얼리,펜던트,2022-02-03 15:54:10,2022-02-03 15:54:10,Y
https://search.shopping.naver.com/best/category/purchase?categoryCategoryId=50001493&categoryChildCategoryId=50001493&categoryDemo=A00&categoryMidCategoryId=50000189&categoryRootCategoryId=50000001&period=P1D,50000001,50000189.0,50001493.0,패션잡화,주얼리,주얼리세트,2022-02-03 15:54:10,2022-02-03 15:54:10,Y
https://search.shopping.naver.com/best/category/purchase?categoryCategoryId=50001494&categoryChildCategoryId=50001494&categoryDemo=A00&categoryMidCategoryId=50000189&categoryRootCategoryId=50000001&period=P1D,50000001,50000189.0,50001494.0,패션잡화,주얼리,주얼리소품,2022-02-03 15:54:10,2022-02-03 15:54:10,Y
https://search.shopping.naver.com/best/category/purchase?categoryCategoryId=50001495&categoryChildCategoryId=50001495&categoryDemo=A00&categoryMidCategoryId=50000189&categoryRootCategoryId=50000001&period=P1D,50000001,50000189.0,50001495.0,패션잡화,주얼리,팔찌,2022-02-03 15:54:10,2022-02-03 15:54:10,Y
https://search.shopping.naver.com/best/category/purchase?categoryCategoryId=50006174&categoryChildCategoryId=50006174&categoryDemo=A00&categoryMidCategoryId=50000189&categoryRootCategoryId=50000001&period=P1D,50000001,50000189.0,50006174.0,패션잡화,주얼리,발찌,2022-02-03 15:54:10,2022-02-03 15:54:10,Y
https://search.shopping.naver.com/best/category/purchase?categoryCategoryId=50000002&categoryDemo=A00&categoryRootCategoryId=50000002&period=P1D,50000002,,,화장품/미용,,,2022-02-03 15:54:10,2022-02-03 15:54:10,Y
https://search.shopping.naver.com/best/category/purchase?categoryCategoryId=50000190&categoryChildCategoryId=&categoryDemo=A00&categoryMidCategoryId=50000190&categoryRootCategoryId=50000002&period=P1D,50000002,50000190.0,,화장품/미용,스킨케어,,2022-02-03 15:54:10,2022-02-03 15:54:10,Y
https://search.shopping.naver.com/best/category/purchase?categoryCategoryId=50000437&categoryChildCategoryId=50000437&categoryDemo=A00&categoryMidCategoryId=50000190&categoryRootCategoryId=50000002&period=P1D,50000002,50000190.0,50000437.0,화장품/미용,스킨케어,스킨/토너,2022-02-03 15:54:10,2022-02-03 15:54:10,Y
https://search.shopping.naver.com/best/category/purchase?categoryCategoryId=50000438&categoryChildCategoryId=50000438&categoryDemo=A00&categoryMidCategoryId=50000190&categoryRootCategoryId=50000002&period=P1D,50000002,50000190.0,50000438.0,화장품/미용,스킨케어,로션,2022-02-03 15:54:10,2022-02-03 15:54:10,Y
https://search.shopping.naver.com/best/category/purchase?categoryCategoryId=50000439&categoryChildCategoryId=50000439&categoryDemo=A00&categoryMidCategoryId=50000190&categoryRootCategoryId=50000002&period=P1D,50000002,50000190.0,50000439.0,화장품/미용,스킨케어,에센스,2022-02-03 15:54:10,2022-02-03 15:54:10,Y
https://search.shopping.naver.com/best/category/purchase?categoryCategoryId=50000440&categoryChildCategoryId=50000440&categoryDemo=A00&categoryMidCategoryId=50000190&categoryRootCategoryId=50000002&period=P1D,50000002,50000190.0,50000440.0,화장품/미용,스킨케어,크림,2022-02-03 15:54:10,2022-02-03 15:54:10,Y
https://search.shopping.naver.com/best/category/purchase?categoryCategoryId=50000441&categoryChildCategoryId=50000441&categoryDemo=A00&categoryMidCategoryId=50000190&categoryRootCategoryId=50000002&period=P1D,50000002,50000190.0,50000441.0,화장품/미용,스킨케어,아이케어,2022-02-03 15:54:10,2022-02-03 15:54:10,Y
https://search.shopping.naver.com/best/category/purchase?categoryCategoryId=50000442&categoryChildCategoryId=50000442&categoryDemo=A00&categoryMidCategoryId=50000190&categoryRootCategoryId=50000002&period=P1D,50000002,50000190.0,50000442.0,화장품/미용,스킨케어,미스트,2022-02-03 15:54:10,2022-02-03 15:54:10,Y
https://search.shopping.naver.com/best/category/purchase?categoryCategoryId=50000443&categoryChildCategoryId=50000443&categoryDemo=A00&categoryMidCategoryId=50000190&categoryRootCategoryId=50000002&period=P1D,50000002,50000190.0,50000443.0,화장품/미용,스킨케어,페이스오일,2022-02-03 15:54:10,2022-02-03 15:54:10,Y
https://search.shopping.naver.com/best/category/purchase?categoryCategoryId=50000444&categoryChildCategoryId=50000444&categoryDemo=A00&categoryMidCategoryId=50000190&categoryRootCategoryId=50000002&period=P1D,50000002,50000190.0,50000444.0,화장품/미용,스킨케어,화장품세트,2022-02-03 15:54:10,2022-02-03 15:54:10,Y
https://search.shopping.naver.com/best/category/purchase?categoryCategoryId=50008980&categoryChildCategoryId=50008980&categoryDemo=A00&categoryMidCategoryId=50000190&categoryRootCategoryId=50000002&period=P1D,50000002,50000190.0,50008980.0,화장품/미용,스킨케어,톤업크림,2022-02-03 15:54:10,2022-02-03 15:54:10,Y
https://search.shopping.naver.com/best/category/purchase?categoryCategoryId=50000191&categoryChildCategoryId=&categoryDemo=A00&categoryMidCategoryId=50000191&categoryRootCategoryId=50000002&period=P1D,50000002,50000191.0,,화장품/미용,선케어,,2022-02-03 15:54:10,2022-02-03 15:54:10,Y
https://search.shopping.naver.com/best/category/purchase?categoryCategoryId=50000445&categoryChildCategoryId=50000445&categoryDemo=A00&categoryMidCategoryId=50000191&categoryRootCategoryId=50000002&period=P1D,50000002,50000191.0,50000445.0,화장품/미용,선케어,선크림,2022-02-03 15:54:10,2022-02-03 15:54:10,Y
https://search.shopping.naver.com/best/category/purchase?categoryCategoryId=50000192&categoryChildCategoryId=&categoryDemo=A00&categoryMidCategoryId=50000192&categoryRootCategoryId=50000002&period=P1D,50000002,50000192.0,,화장품/미용,클렌징,,2022-02-03 15:54:10,2022-02-03 15:54:10,Y
https://search.shopping.naver.com/best/category/purchase?categoryCategoryId=50000451&categoryChildCategoryId=50000451&categoryDemo=A00&categoryMidCategoryId=50000192&categoryRootCategoryId=50000002&period=P1D,50000002,50000192.0,50000451.0,화장품/미용,클렌징,클렌징폼,2022-02-03 15:54:10,2022-02-03 15:54:10,Y
https://search.shopping.naver.com/best/category/purchase?categoryCategoryId=50000452&categoryChildCategoryId=50000452&categoryDemo=A00&categoryMidCategoryId=50000192&categoryRootCategoryId=50000002&period=P1D,50000002,50000192.0,50000452.0,화장품/미용,클렌징,클렌징오일,2022-02-03 15:54:10,2022-02-03 15:54:10,Y
https://search.shopping.naver.com/best/category/purchase?categoryCategoryId=50000453&categoryChildCategoryId=50000453&categoryDemo=A00&categoryMidCategoryId=50000192&categoryRootCategoryId=50000002&period=P1D,50000002,50000192.0,50000453.0,화장품/미용,클렌징,클렌징크림,2022-02-03 15:54:10,2022-02-03 15:54:10,Y
https://search.shopping.naver.com/best/category/purchase?categoryCategoryId=50000454&categoryChildCategoryId=50000454&categoryDemo=A00&categoryMidCategoryId=50000192&categoryRootCategoryId=50000002&period=P1D,50000002,50000192.0,50000454.0,화장품/미용,클렌징,클렌징로션,2022-02-03 15:54:10,2022-02-03 15:54:10,Y
https://search.shopping.naver.com/best/category/purchase?categoryCategoryId=50000455&categoryChildCategoryId=50000455&categoryDemo=A00&categoryMidCategoryId=50000192&categoryRootCategoryId=50000002&period=P1D,50000002,50000192.0,50000455.0,화장품/미용,클렌징,클렌징젤,2022-02-03 15:54:10,2022-02-03 15:54:10,Y
https://search.shopping.naver.com/best/category/purchase?categoryCategoryId=50000456&categoryChildCategoryId=50000456&categoryDemo=A00&categoryMidCategoryId=50000192&categoryRootCategoryId=50000002&period=P1D,50000002,50000192.0,50000456.0,화장품/미용,클렌징,클렌징워터,2022-02-03 15:54:10,2022-02-03 15:54:10,Y
https://search.shopping.naver.com/best/category/purchase?categoryCategoryId=50000457&categoryChildCategoryId=50000457&categoryDemo=A00&categoryMidCategoryId=50000192&categoryRootCategoryId=50000002&period=P1D,50000002,50000192.0,50000457.0,화장품/미용,클렌징,클렌징티슈,2022-02-03 15:54:10,2022-02-03 15:54:10,Y
https://search.shopping.naver.com/best/category/purchase?categoryCategoryId=50000458&categoryChildCategoryId=50000458&categoryDemo=A00&categoryMidCategoryId=50000192&categoryRootCategoryId=50000002&period=P1D,50000002,50000192.0,50000458.0,화장품/미용,클렌징,클렌징비누,2022-02-03 15:54:10,2022-02-03 15:54:10,Y
https://search.shopping.naver.com/best/category/purchase?categoryCategoryId=50000459&categoryChildCategoryId=50000459&categoryDemo=A00&categoryMidCategoryId=50000192&categoryRootCategoryId=50000002&period=P1D,50000002,50000192.0,50000459.0,화장품/미용,클렌징,클렌징파우더,2022-02-03 15:54:10,2022-02-03 15:54:10,Y
https://search.shopping.naver.com/best/category/purchase?categoryCategoryId=50000460&categoryChildCategoryId=50000460&categoryDemo=A00&categoryMidCategoryId=50000192&categoryRootCategoryId=50000002&period=P1D,50000002,50000192.0,50000460.0,화장품/미용,클렌징,립앤아이리무버,2022-02-03 15:54:10,2022-02-03 15:54:10,Y
https://search.shopping.naver.com/best/category/purchase?categoryCategoryId=50000461&categoryChildCategoryId=50000461&categoryDemo=A00&categoryMidCategoryId=50000192&categoryRootCategoryId=50000002&period=P1D,50000002,50000192.0,50000461.0,화장품/미용,클렌징,스크럽/필링,2022-02-03 15:54:10,2022-02-03 15:54:10,Y
https://search.shopping.naver.com/best/category/purchase?categoryCategoryId=50000193&categoryChildCategoryId=&categoryDemo=A00&categoryMidCategoryId=50000193&categoryRootCategoryId=50000002&period=P1D,50000002,50000193.0,,화장품/미용,마스크/팩,,2022-02-03 15:54:10,2022-02-03 15:54:10,Y
https://search.shopping.naver.com/best/category/purchase?categoryCategoryId=50000463&categoryChildCategoryId=50000463&categoryDemo=A00&categoryMidCategoryId=50000193&categoryRootCategoryId=50000002&period=P1D,50000002,50000193.0,50000463.0,화장품/미용,마스크/팩,마스크시트,2022-02-03 15:54:10,2022-02-03 15:54:10,Y
https://search.shopping.naver.com/best/category/purchase?categoryCategoryId=50000464&categoryChildCategoryId=50000464&categoryDemo=A00&categoryMidCategoryId=50000193&categoryRootCategoryId=50000002&period=P1D,50000002,50000193.0,50000464.0,화장품/미용,마스크/팩,필오프팩,2022-02-03 15:54:10,2022-02-03 15:54:10,Y
https://search.shopping.naver.com/best/category/purchase?categoryCategoryId=50000465&categoryChildCategoryId=50000465&categoryDemo=A00&categoryMidCategoryId=50000193&categoryRootCategoryId=50000002&period=P1D,50000002,50000193.0,50000465.0,화장품/미용,마스크/팩,워시오프팩,2022-02-03 15:54:10,2022-02-03 15:54:10,Y
https://search.shopping.naver.com/best/category/purchase?categoryCategoryId=50000466&categoryChildCategoryId=50000466&categoryDemo=A00&categoryMidCategoryId=50000193&categoryRootCategoryId=50000002&period=P1D,50000002,50000193.0,50000466.0,화장품/미용,마스크/팩,코팩,2022-02-03 15:54:10,2022-02-03 15:54:10,Y
https://search.shopping.naver.com/best/category/purchase?categoryCategoryId=50000467&categoryChildCategoryId=50000467&categoryDemo=A00&categoryMidCategoryId=50000193&categoryRootCategoryId=50000002&period=P1D,50000002,50000193.0,50000467.0,화장품/미용,마스크/팩,수면팩,2022-02-03 15:54:10,2022-02-03 15:54:10,Y
https://search.shopping.naver.com/best/category/purchase?categoryCategoryId=50000468&categoryChildCategoryId=50000468&categoryDemo=A00&categoryMidCategoryId=50000193&categoryRootCategoryId=50000002&period=P1D,50000002,50000193.0,50000468.0,화장품/미용,마스크/팩,마사지크림/젤,2022-02-03 15:54:10,2022-02-03 15:54:10,Y
https://search.shopping.naver.com/best/category/purchase?categoryCategoryId=50000194&categoryChildCategoryId=&categoryDemo=A00&categoryMidCategoryId=50000194&categoryRootCategoryId=50000002&period=P1D,50000002,50000194.0,,화장품/미용,베이스메이크업,,2022-02-03 15:54:10,2022-02-03 15:54:10,Y
https://search.shopping.naver.com/best/category/purchase?categoryCategoryId=50000345&categoryChildCategoryId=50000345&categoryDemo=A00&categoryMidCategoryId=50000194&categoryRootCategoryId=50000002&period=P1D,50000002,50000194.0,50000345.0,화장품/미용,베이스메이크업,메이크업베이스,2022-02-03 15:54:10,2022-02-03 15:54:10,Y
https://search.shopping.naver.com/best/category/purchase?categoryCategoryId=50000470&categoryChildCategoryId=50000470&categoryDemo=A00&categoryMidCategoryId=50000194&categoryRootCategoryId=50000002&period=P1D,50000002,50000194.0,50000470.0,화장품/미용,베이스메이크업,BB크림,2022-02-03 15:54:10,2022-02-03 15:54:10,Y
https://search.shopping.naver.com/best/category/purchase?categoryCategoryId=50001369&categoryChildCategoryId=50001369&categoryDemo=A00&categoryMidCategoryId=50000194&categoryRootCategoryId=50000002&period=P1D,50000002,50000194.0,50001369.0,화장품/미용,베이스메이크업,파우더,2022-02-03 15:54:10,2022-02-03 15:54:10,Y
https://search.shopping.naver.com/best/category/purchase?categoryCategoryId=50001370&categoryChildCategoryId=50001370&categoryDemo=A00&categoryMidCategoryId=50000194&categoryRootCategoryId=50000002&period=P1D,50000002,50000194.0,50001370.0,화장품/미용,베이스메이크업,파운데이션,2022-02-03 15:54:10,2022-02-03 15:54:10,Y
https://search.shopping.naver.com/best/category/purchase?categoryCategoryId=50000195&categoryChildCategoryId=&categoryDemo=A00&categoryMidCategoryId=50000195&categoryRootCategoryId=50000002&period=P1D,50000002,50000195.0,,화장품/미용,색조메이크업,,2022-02-03 15:54:10,2022-02-03 15:54:10,Y
https://search.shopping.naver.com/best/category/purchase?categoryCategoryId=50000391&categoryChildCategoryId=50000391&categoryDemo=A00&categoryMidCategoryId=50000195&categoryRootCategoryId=50000002&period=P1D,50000002,50000195.0,50000391.0,화장품/미용,색조메이크업,립스틱,2022-02-03 15:54:10,2022-02-03 15:54:10,Y
https://search.shopping.naver.com/best/category/purchase?categoryCategoryId=50000392&categoryChildCategoryId=50000392&categoryDemo=A00&categoryMidCategoryId=50000195&categoryRootCategoryId=50000002&period=P1D,50000002,50000195.0,50000392.0,화장품/미용,색조메이크업,립케어,2022-02-03 15:54:10,2022-02-03 15:54:10,Y
https://search.shopping.naver.com/best/category/purchase?categoryCategoryId=50000394&categoryChildCategoryId=50000394&categoryDemo=A00&categoryMidCategoryId=50000195&categoryRootCategoryId=50000002&period=P1D,50000002,50000195.0,50000394.0,화장품/미용,색조메이크업,립틴트,2022-02-03 15:54:10,2022-02-03 15:54:10,Y
https://search.shopping.naver.com/best/category/purchase?categoryCategoryId=50000396&categoryChildCategoryId=50000396&categoryDemo=A00&categoryMidCategoryId=50000195&categoryRootCategoryId=50000002&period=P1D,50000002,50000195.0,50000396.0,화장품/미용,색조메이크업,아이섀도,2022-02-03 15:54:10,2022-02-03 15:54:10,Y
https://search.shopping.naver.com/best/category/purchase?categoryCategoryId=50000397&categoryChildCategoryId=50000397&categoryDemo=A00&categoryMidCategoryId=50000195&categoryRootCategoryId=50000002&period=P1D,50000002,50000195.0,50000397.0,화장품/미용,색조메이크업,마스카라,2022-02-03 15:54:10,2022-02-03 15:54:10,Y
https://search.shopping.naver.com/best/category/purchase?categoryCategoryId=50000398&categoryChildCategoryId=50000398&categoryDemo=A00&categoryMidCategoryId=50000195&categoryRootCategoryId=50000002&period=P1D,50000002,50000195.0,50000398.0,화장품/미용,색조메이크업,아이브로,2022-02-03 15:54:10,2022-02-03 15:54:10,Y
https://search.shopping.naver.com/best/category/purchase?categoryCategoryId=50000399&categoryChildCategoryId=50000399&categoryDemo=A00&categoryMidCategoryId=50000195&categoryRootCategoryId=50000002&period=P1D,50000002,50000195.0,50000399.0,화장품/미용,색조메이크업,블러셔,2022-02-03 15:54:10,2022-02-03 15:54:10,Y
https://search.shopping.naver.com/best/category/purchase?categoryCategoryId=50000400&categoryChildCategoryId=50000400&categoryDemo=A00&categoryMidCategoryId=50000195&categoryRootCategoryId=50000002&period=P1D,50000002,50000195.0,50000400.0,화장품/미용,색조메이크업,하이라이터/쉐이딩,2022-02-03 15:54:10,2022-02-03 15:54:10,Y
https://search.shopping.naver.com/best/category/purchase?categoryCategoryId=50001371&categoryChildCategoryId=50001371&categoryDemo=A00&categoryMidCategoryId=50000195&categoryRootCategoryId=50000002&period=P1D,50000002,50000195.0,50001371.0,화장품/미용,색조메이크업,아이라이너,2022-02-03 15:54:10,2022-02-03 15:54:10,Y
https://search.shopping.naver.com/best/category/purchase?categoryCategoryId=50009080&categoryChildCategoryId=50009080&categoryDemo=A00&categoryMidCategoryId=50000195&categoryRootCategoryId=50000002&period=P1D,50000002,50000195.0,50009080.0,화장품/미용,색조메이크업,속눈썹영양제,2022-02-03 15:54:10,2022-02-03 15:54:10,Y
https://search.shopping.naver.com/best/category/purchase?categoryCategoryId=50000196&categoryChildCategoryId=&categoryDemo=A00&categoryMidCategoryId=50000196&categoryRootCategoryId=50000002&period=P1D,50000002,50000196.0,,화장품/미용,네일케어,,2022-02-03 15:54:10,2022-02-03 15:54:10,Y
https://search.shopping.naver.com/best/category/purchase?categoryCategoryId=50000402&categoryChildCategoryId=50000402&categoryDemo=A00&categoryMidCategoryId=50000196&categoryRootCategoryId=50000002&period=P1D,50000002,50000196.0,50000402.0,화장품/미용,네일케어,매니큐어,2022-02-03 15:54:10,2022-02-03 15:54:10,Y
https://search.shopping.naver.com/best/category/purchase?categoryCategoryId=50000403&categoryChildCategoryId=50000403&categoryDemo=A00&categoryMidCategoryId=50000196&categoryRootCategoryId=50000002&period=P1D,50000002,50000196.0,50000403.0,화장품/미용,네일케어,네일아트,2022-02-03 15:54:10,2022-02-03 15:54:10,Y
https://search.shopping.naver.com/best/category/purchase?categoryCategoryId=50000404&categoryChildCategoryId=50000404&categoryDemo=A00&categoryMidCategoryId=50000196&categoryRootCategoryId=50000002&period=P1D,50000002,50000196.0,50000404.0,화장품/미용,네일케어,네일영양제,2022-02-03 15:54:10,2022-02-03 15:54:10,Y
https://search.shopping.naver.com/best/category/purchase?categoryCategoryId=50000406&categoryChildCategoryId=50000406&categoryDemo=A00&categoryMidCategoryId=50000196&categoryRootCategoryId=50000002&period=P1D,50000002,50000196.0,50000406.0,화장품/미용,네일케어,네일케어도구,2022-02-03 15:54:10,2022-02-03 15:54:10,Y
https://search.shopping.naver.com/best/category/purchase?categoryCategoryId=50000197&categoryChildCategoryId=&categoryDemo=A00&categoryMidCategoryId=50000197&categoryRootCategoryId=50000002&period=P1D,50000002,50000197.0,,화장품/미용,바디케어,,2022-02-03 15:54:10,2022-02-03 15:54:10,Y
https://search.shopping.naver.com/best/category/purchase?categoryCategoryId=50000281&categoryChildCategoryId=50000281&categoryDemo=A00&categoryMidCategoryId=50000197&categoryRootCategoryId=50000002&period=P1D,50000002,50000197.0,50000281.0,화장품/미용,바디케어,바디크림,2022-02-03 15:54:10,2022-02-03 15:54:10,Y
https://search.shopping.naver.com/best/category/purchase?categoryCategoryId=50000282&categoryChildCategoryId=50000282&categoryDemo=A00&categoryMidCategoryId=50000197&categoryRootCategoryId=50000002&period=P1D,50000002,50000197.0,50000282.0,화장품/미용,바디케어,바디오일,2022-02-03 15:54:10,2022-02-03 15:54:10,Y
https://search.shopping.naver.com/best/category/purchase?categoryCategoryId=50000283&categoryChildCategoryId=50000283&categoryDemo=A00&categoryMidCategoryId=50000197&categoryRootCategoryId=50000002&period=P1D,50000002,50000197.0,50000283.0,화장품/미용,바디케어,바디미스트,2022-02-03 15:54:10,2022-02-03 15:54:10,Y
https://search.shopping.naver.com/best/category/purchase?categoryCategoryId=50000285&categoryChildCategoryId=50000285&categoryDemo=A00&categoryMidCategoryId=50000197&categoryRootCategoryId=50000002&period=P1D,50000002,50000197.0,50000285.0,화장품/미용,바디케어,바디클렌저,2022-02-03 15:54:10,2022-02-03 15:54:10,Y
https://search.shopping.naver.com/best/category/purchase?categoryCategoryId=50000286&categoryChildCategoryId=50000286&categoryDemo=A00&categoryMidCategoryId=50000197&categoryRootCategoryId=50000002&period=P1D,50000002,50000197.0,50000286.0,화장품/미용,바디케어,바디스크럽,2022-02-03 15:54:10,2022-02-03 15:54:10,Y
https://search.shopping.naver.com/best/category/purchase?categoryCategoryId=50000287&categoryChildCategoryId=50000287&categoryDemo=A00&categoryMidCategoryId=50000197&categoryRootCategoryId=50000002&period=P1D,50000002,50000197.0,50000287.0,화장품/미용,바디케어,여성청결제,2022-02-03 15:54:10,2022-02-03 15:54:10,Y
https://search.shopping.naver.com/best/category/purchase?categoryCategoryId=50000288&categoryChildCategoryId=50000288&categoryDemo=A00&categoryMidCategoryId=50000197&categoryRootCategoryId=50000002&period=P1D,50000002,50000197.0,50000288.0,화장품/미용,바디케어,목욕비누,2022-02-03 15:54:10,2022-02-03 15:54:10,Y
https://search.shopping.naver.com/best/category/purchase?categoryCategoryId=50000289&categoryChildCategoryId=50000289&categoryDemo=A00&categoryMidCategoryId=50000197&categoryRootCategoryId=50000002&period=P1D,50000002,50000197.0,50000289.0,화장품/미용,바디케어,핸드케어,2022-02-03 15:54:10,2022-02-03 15:54:10,Y
https://search.shopping.naver.com/best/category/purchase?categoryCategoryId=50000290&categoryChildCategoryId=50000290&categoryDemo=A00&categoryMidCategoryId=50000197&categoryRootCategoryId=50000002&period=P1D,50000002,50000197.0,50000290.0,화장품/미용,바디케어,풋케어,2022-02-03 15:54:10,2022-02-03 15:54:10,Y
https://search.shopping.naver.com/best/category/purchase?categoryCategoryId=50000291&categoryChildCategoryId=50000291&categoryDemo=A00&categoryMidCategoryId=50000197&categoryRootCategoryId=50000002&period=P1D,50000002,50000197.0,50000291.0,화장품/미용,바디케어,입욕제,2022-02-03 15:54:10,2022-02-03 15:54:10,Y
https://search.shopping.naver.com/best/category/purchase?categoryCategoryId=50000292&categoryChildCategoryId=50000292&categoryDemo=A00&categoryMidCategoryId=50000197&categoryRootCategoryId=50000002&period=P1D,50000002,50000197.0,50000292.0,화장품/미용,바디케어,아로마테라피,2022-02-03 15:54:10,2022-02-03 15:54:10,Y
https://search.shopping.naver.com/best/category/purchase?categoryCategoryId=50000293&categoryChildCategoryId=50000293&categoryDemo=A00&categoryMidCategoryId=50000197&categoryRootCategoryId=50000002&period=P1D,50000002,50000197.0,50000293.0,화장품/미용,바디케어,데오드란트,2022-02-03 15:54:10,2022-02-03 15:54:10,Y
https://search.shopping.naver.com/best/category/purchase?categoryCategoryId=50000294&categoryChildCategoryId=50000294&categoryDemo=A00&categoryMidCategoryId=50000197&categoryRootCategoryId=50000002&period=P1D,50000002,50000197.0,50000294.0,화장품/미용,바디케어,제모제,2022-02-03 15:54:10,2022-02-03 15:54:10,Y
https://search.shopping.naver.com/best/category/purchase?categoryCategoryId=50000295&categoryChildCategoryId=50000295&categoryDemo=A00&categoryMidCategoryId=50000197&categoryRootCategoryId=50000002&period=P1D,50000002,50000197.0,50000295.0,화장품/미용,바디케어,바디슬리밍,2022-02-03 15:54:10,2022-02-03 15:54:10,Y
https://search.shopping.naver.com/best/category/purchase?categoryCategoryId=50000296&categoryChildCategoryId=50000296&categoryDemo=A00&categoryMidCategoryId=50000197&categoryRootCategoryId=50000002&period=P1D,50000002,50000197.0,50000296.0,화장품/미용,바디케어,바디케어세트,2022-02-03 15:54:10,2022-02-03 15:54:10,Y
https://search.shopping.naver.com/best/category/purchase?categoryCategoryId=50000408&categoryChildCategoryId=50000408&categoryDemo=A00&categoryMidCategoryId=50000197&categoryRootCategoryId=50000002&period=P1D,50000002,50000197.0,50000408.0,화장품/미용,바디케어,바디로션,2022-02-03 15:54:10,2022-02-03 15:54:10,Y
https://search.shopping.naver.com/best/category/purchase?categoryCategoryId=50000198&categoryChildCategoryId=&categoryDemo=A00&categoryMidCategoryId=50000198&categoryRootCategoryId=50000002&period=P1D,50000002,50000198.0,,화장품/미용,헤어케어,,2022-02-03 15:54:10,2022-02-03 15:54:10,Y
https://search.shopping.naver.com/best/category/purchase?categoryCategoryId=50000297&categoryChildCategoryId=50000297&categoryDemo=A00&categoryMidCategoryId=50000198&categoryRootCategoryId=50000002&period=P1D,50000002,50000198.0,50000297.0,화장품/미용,헤어케어,샴푸,2022-02-03 15:54:10,2022-02-03 15:54:10,Y
https://search.shopping.naver.com/best/category/purchase?categoryCategoryId=50000298&categoryChildCategoryId=50000298&categoryDemo=A00&categoryMidCategoryId=50000198&categoryRootCategoryId=50000002&period=P1D,50000002,50000198.0,50000298.0,화장품/미용,헤어케어,린스,2022-02-03 15:54:10,2022-02-03 15:54:10,Y
https://search.shopping.naver.com/best/category/purchase?categoryCategoryId=50000299&categoryChildCategoryId=50000299&categoryDemo=A00&categoryMidCategoryId=50000198&categoryRootCategoryId=50000002&period=P1D,50000002,50000198.0,50000299.0,화장품/미용,헤어케어,트리트먼트,2022-02-03 15:54:10,2022-02-03 15:54:10,Y
https://search.shopping.naver.com/best/category/purchase?categoryCategoryId=50000300&categoryChildCategoryId=50000300&categoryDemo=A00&categoryMidCategoryId=50000198&categoryRootCategoryId=50000002&period=P1D,50000002,50000198.0,50000300.0,화장품/미용,헤어케어,헤어에센스,2022-02-03 15:54:10,2022-02-03 15:54:10,Y
https://search.shopping.naver.com/best/category/purchase?categoryCategoryId=50000301&categoryChildCategoryId=50000301&categoryDemo=A00&categoryMidCategoryId=50000198&categoryRootCategoryId=50000002&period=P1D,50000002,50000198.0,50000301.0,화장품/미용,헤어케어,헤어팩,2022-02-03 15:54:10,2022-02-03 15:54:10,Y
https://search.shopping.naver.com/best/category/purchase?categoryCategoryId=50000302&categoryChildCategoryId=50000302&categoryDemo=A00&categoryMidCategoryId=50000198&categoryRootCategoryId=50000002&period=P1D,50000002,50000198.0,50000302.0,화장품/미용,헤어케어,헤어미스트,2022-02-03 15:54:10,2022-02-03 15:54:10,Y
https://search.shopping.naver.com/best/category/purchase?categoryCategoryId=50000303&categoryChildCategoryId=50000303&categoryDemo=A00&categoryMidCategoryId=50000198&categoryRootCategoryId=50000002&period=P1D,50000002,50000198.0,50000303.0,화장품/미용,헤어케어,두피케어,2022-02-03 15:54:10,2022-02-03 15:54:10,Y
https://search.shopping.naver.com/best/category/purchase?categoryCategoryId=50000304&categoryChildCategoryId=50000304&categoryDemo=A00&categoryMidCategoryId=50000198&categoryRootCategoryId=50000002&period=P1D,50000002,50000198.0,50000304.0,화장품/미용,헤어케어,탈모케어,2022-02-03 15:54:10,2022-02-03 15:54:10,Y
https://search.shopping.naver.com/best/category/purchase?categoryCategoryId=50000305&categoryChildCategoryId=50000305&categoryDemo=A00&categoryMidCategoryId=50000198&categoryRootCategoryId=50000002&period=P1D,50000002,50000198.0,50000305.0,화장품/미용,헤어케어,헤어케어세트,2022-02-03 15:54:10,2022-02-03 15:54:10,Y
https://search.shopping.naver.com/best/category/purchase?categoryCategoryId=50000199&categoryChildCategoryId=&categoryDemo=A00&categoryMidCategoryId=50000199&categoryRootCategoryId=50000002&period=P1D,50000002,50000199.0,,화장품/미용,헤어스타일링,,2022-02-03 15:54:10,2022-02-03 15:54:10,Y
https://search.shopping.naver.com/best/category/purchase?categoryCategoryId=50000306&categoryChildCategoryId=50000306&categoryDemo=A00&categoryMidCategoryId=50000199&categoryRootCategoryId=50000002&period=P1D,50000002,50000199.0,50000306.0,화장품/미용,헤어스타일링,헤어왁스,2022-02-03 15:54:10,2022-02-03 15:54:10,Y
https://search.shopping.naver.com/best/category/purchase?categoryCategoryId=50000307&categoryChildCategoryId=50000307&categoryDemo=A00&categoryMidCategoryId=50000199&categoryRootCategoryId=50000002&period=P1D,50000002,50000199.0,50000307.0,화장품/미용,헤어스타일링,헤어스프레이,2022-02-03 15:54:10,2022-02-03 15:54:10,Y
https://search.shopping.naver.com/best/category/purchase?categoryCategoryId=50000309&categoryChildCategoryId=50000309&categoryDemo=A00&categoryMidCategoryId=50000199&categoryRootCategoryId=50000002&period=P1D,50000002,50000199.0,50000309.0,화장품/미용,헤어스타일링,헤어젤,2022-02-03 15:54:10,2022-02-03 15:54:10,Y
https://search.shopping.naver.com/best/category/purchase?categoryCategoryId=50000311&categoryChildCategoryId=50000311&categoryDemo=A00&categoryMidCategoryId=50000199&categoryRootCategoryId=50000002&period=P1D,50000002,50000199.0,50000311.0,화장품/미용,헤어스타일링,염색약,2022-02-03 15:54:10,2022-02-03 15:54:10,Y
https://search.shopping.naver.com/best/category/purchase?categoryCategoryId=50001372&categoryChildCategoryId=50001372&categoryDemo=A00&categoryMidCategoryId=50000199&categoryRootCategoryId=50000002&period=P1D,50000002,50000199.0,50001372.0,화장품/미용,헤어스타일링,파마약,2022-02-03 15:54:10,2022-02-03 15:54:10,Y
https://search.shopping.naver.com/best/category/purchase?categoryCategoryId=50000200&categoryChildCategoryId=&categoryDemo=A00&categoryMidCategoryId=50000200&categoryRootCategoryId=50000002&period=P1D,50000002,50000200.0,,화장품/미용,향수,,2022-02-03 15:54:10,2022-02-03 15:54:10,Y
https://search.shopping.naver.com/best/category/purchase?categoryCategoryId=50000312&categoryChildCategoryId=50000312&categoryDemo=A00&categoryMidCategoryId=50000200&categoryRootCategoryId=50000002&period=P1D,50000002,50000200.0,50000312.0,화장품/미용,향수,여성향수,2022-02-03 15:54:10,2022-02-03 15:54:10,Y
https://search.shopping.naver.com/best/category/purchase?categoryCategoryId=50000313&categoryChildCategoryId=50000313&categoryDemo=A00&categoryMidCategoryId=50000200&categoryRootCategoryId=50000002&period=P1D,50000002,50000200.0,50000313.0,화장품/미용,향수,남성향수,2022-02-03 15:54:10,2022-02-03 15:54:10,Y
https://search.shopping.naver.com/best/category/purchase?categoryCategoryId=50000314&categoryChildCategoryId=50000314&categoryDemo=A00&categoryMidCategoryId=50000200&categoryRootCategoryId=50000002&period=P1D,50000002,50000200.0,50000314.0,화장품/미용,향수,남녀공용향수,2022-02-03 15:54:10,2022-02-03 15:54:10,Y
https://search.shopping.naver.com/best/category/purchase?categoryCategoryId=50000201&categoryChildCategoryId=&categoryDemo=A00&categoryMidCategoryId=50000201&categoryRootCategoryId=50000002&period=P1D,50000002,50000201.0,,화장품/미용,뷰티소품,,2022-02-03 15:54:10,2022-02-03 15:54:10,Y
https://search.shopping.naver.com/best/category/purchase?categoryCategoryId=50000317&categoryChildCategoryId=50000317&categoryDemo=A00&categoryMidCategoryId=50000201&categoryRootCategoryId=50000002&period=P1D,50000002,50000201.0,50000317.0,화장품/미용,뷰티소품,타투,2022-02-03 15:54:10,2022-02-03 15:54:10,Y
https://search.shopping.naver.com/best/category/purchase?categoryCategoryId=50000319&categoryChildCategoryId=50000319&categoryDemo=A00&categoryMidCategoryId=50000201&categoryRootCategoryId=50000002&period=P1D,50000002,50000201.0,50000319.0,화장품/미용,뷰티소품,화장품케이스,2022-02-03 15:54:10,2022-02-03 15:54:10,Y
https://search.shopping.naver.com/best/category/purchase?categoryCategoryId=50001373&categoryChildCategoryId=50001373&categoryDemo=A00&categoryMidCategoryId=50000201&categoryRootCategoryId=50000002&period=P1D,50000002,50000201.0,50001373.0,화장품/미용,뷰티소품,아이소품,2022-02-03 15:54:10,2022-02-03 15:54:10,Y
https://search.shopping.naver.com/best/category/purchase?categoryCategoryId=50001374&categoryChildCategoryId=50001374&categoryDemo=A00&categoryMidCategoryId=50000201&categoryRootCategoryId=50000002&period=P1D,50000002,50000201.0,50001374.0,화장품/미용,뷰티소품,페이스소품,2022-02-03 15:54:10,2022-02-03 15:54:10,Y
https://search.shopping.naver.com/best/category/purchase?categoryCategoryId=50001375&categoryChildCategoryId=50001375&categoryDemo=A00&categoryMidCategoryId=50000201&categoryRootCategoryId=50000002&period=P1D,50000002,50000201.0,50001375.0,화장품/미용,뷰티소품,헤어소품,2022-02-03 15:54:10,2022-02-03 15:54:10,Y
https://search.shopping.naver.com/best/category/purchase?categoryCategoryId=50001376&categoryChildCategoryId=50001376&categoryDemo=A00&categoryMidCategoryId=50000201&categoryRootCategoryId=50000002&period=P1D,50000002,50000201.0,50001376.0,화장품/미용,뷰티소품,메이크업브러시,2022-02-03 15:54:10,2022-02-03 15:54:10,Y
https://search.shopping.naver.com/best/category/purchase?categoryCategoryId=50005289&categoryChildCategoryId=50005289&categoryDemo=A00&categoryMidCategoryId=50000201&categoryRootCategoryId=50000002&period=P1D,50000002,50000201.0,50005289.0,화장품/미용,뷰티소품,DIY화장품재료,2022-02-03 15:54:10,2022-02-03 15:54:10,Y
https://search.shopping.naver.com/best/category/purchase?categoryCategoryId=50000202&categoryChildCategoryId=&categoryDemo=A00&categoryMidCategoryId=50000202&categoryRootCategoryId=50000002&period=P1D,50000002,50000202.0,,화장품/미용,남성화장품,,2022-02-03 15:54:10,2022-02-03 15:54:10,Y
https://search.shopping.naver.com/best/category/purchase?categoryCategoryId=50000321&categoryChildCategoryId=50000321&categoryDemo=A00&categoryMidCategoryId=50000202&categoryRootCategoryId=50000002&period=P1D,50000002,50000202.0,50000321.0,화장품/미용,남성화장품,스킨,2022-02-03 15:54:10,2022-02-03 15:54:10,Y
https://search.shopping.naver.com/best/category/purchase?categoryCategoryId=50000322&categoryChildCategoryId=50000322&categoryDemo=A00&categoryMidCategoryId=50000202&categoryRootCategoryId=50000002&period=P1D,50000002,50000202.0,50000322.0,화장품/미용,남성화장품,로션,2022-02-03 15:54:10,2022-02-03 15:54:10,Y
https://search.shopping.naver.com/best/category/purchase?categoryCategoryId=50000323&categoryChildCategoryId=50000323&categoryDemo=A00&categoryMidCategoryId=50000202&categoryRootCategoryId=50000002&period=P1D,50000002,50000202.0,50000323.0,화장품/미용,남성화장품,에센스,2022-02-03 15:54:10,2022-02-03 15:54:10,Y
https://search.shopping.naver.com/best/category/purchase?categoryCategoryId=50000324&categoryChildCategoryId=50000324&categoryDemo=A00&categoryMidCategoryId=50000202&categoryRootCategoryId=50000002&period=P1D,50000002,50000202.0,50000324.0,화장품/미용,남성화장품,크림,2022-02-03 15:54:10,2022-02-03 15:54:10,Y
https://search.shopping.naver.com/best/category/purchase?categoryCategoryId=50000326&categoryChildCategoryId=50000326&categoryDemo=A00&categoryMidCategoryId=50000202&categoryRootCategoryId=50000002&period=P1D,50000002,50000202.0,50000326.0,화장품/미용,남성화장품,올인원,2022-02-03 15:54:10,2022-02-03 15:54:10,Y
https://search.shopping.naver.com/best/category/purchase?categoryCategoryId=50000327&categoryChildCategoryId=50000327&categoryDemo=A00&categoryMidCategoryId=50000202&categoryRootCategoryId=50000002&period=P1D,50000002,50000202.0,50000327.0,화장품/미용,남성화장품,선크림,2022-02-03 15:54:10,2022-02-03 15:54:10,Y
https://search.shopping.naver.com/best/category/purchase?categoryCategoryId=50000328&categoryChildCategoryId=50000328&categoryDemo=A00&categoryMidCategoryId=50000202&categoryRootCategoryId=50000002&period=P1D,50000002,50000202.0,50000328.0,화장품/미용,남성화장품,클렌징,2022-02-03 15:54:10,2022-02-03 15:54:10,Y
https://search.shopping.naver.com/best/category/purchase?categoryCategoryId=50000331&categoryChildCategoryId=50000331&categoryDemo=A00&categoryMidCategoryId=50000202&categoryRootCategoryId=50000002&period=P1D,50000002,50000202.0,50000331.0,화장품/미용,남성화장품,메이크업,2022-02-03 15:54:10,2022-02-03 15:54:10,Y
https://search.shopping.naver.com/best/category/purchase?categoryCategoryId=50000332&categoryChildCategoryId=50000332&categoryDemo=A00&categoryMidCategoryId=50000202&categoryRootCategoryId=50000002&period=P1D,50000002,50000202.0,50000332.0,화장품/미용,남성화장품,쉐이빙폼,2022-02-03 15:54:10,2022-02-03 15:54:10,Y
https://search.shopping.naver.com/best/category/purchase?categoryCategoryId=50000334&categoryChildCategoryId=50000334&categoryDemo=A00&categoryMidCategoryId=50000202&categoryRootCategoryId=50000002&period=P1D,50000002,50000202.0,50000334.0,화장품/미용,남성화장품,남성화장품세트,2022-02-03 15:54:10,2022-02-03 15:54:10,Y
https://search.shopping.naver.com/best/category/purchase?categoryCategoryId=50000003&categoryDemo=A00&categoryRootCategoryId=50000003&period=P1D,50000003,,,디지털/가전,,,2022-02-03 15:54:10,2022-02-03 15:54:10,Y
https://search.shopping.naver.com/best/category/purchase?categoryCategoryId=50000087&categoryChildCategoryId=&categoryDemo=A00&categoryMidCategoryId=50000087&categoryRootCategoryId=50000003&period=P1D,50000003,50000087.0,,디지털/가전,학습기기,,2022-02-03 15:54:10,2022-02-03 15:54:10,Y
https://search.shopping.naver.com/best/category/purchase?categoryCategoryId=50000088&categoryChildCategoryId=&categoryDemo=A00&categoryMidCategoryId=50000088&categoryRootCategoryId=50000003&period=P1D,50000003,50000088.0,,디지털/가전,게임기/타이틀,,2022-02-03 15:54:10,2022-02-03 15:54:10,Y
https://search.shopping.naver.com/best/category/purchase?categoryCategoryId=50001199&categoryChildCategoryId=50001199&categoryDemo=A00&categoryMidCategoryId=50000088&categoryRootCategoryId=50000003&period=P1D,50000003,50000088.0,50001199.0,디지털/가전,게임기/타이틀,게임기주변기기,2022-02-03 15:54:10,2022-02-03 15:54:10,Y
https://search.shopping.naver.com/best/category/purchase?categoryCategoryId=50001733&categoryChildCategoryId=50001733&categoryDemo=A00&categoryMidCategoryId=50000088&categoryRootCategoryId=50000003&period=P1D,50000003,50000088.0,50001733.0,디지털/가전,게임기/타이틀,가정용게임기,2022-02-03 15:54:10,2022-02-03 15:54:10,Y
https://search.shopping.naver.com/best/category/purchase?categoryCategoryId=50001734&categoryChildCategoryId=50001734&categoryDemo=A00&categoryMidCategoryId=50000088&categoryRootCategoryId=50000003&period=P1D,50000003,50000088.0,50001734.0,디지털/가전,게임기/타이틀,휴대용게임기,2022-02-03 15:54:10,2022-02-03 15:54:10,Y
https://search.shopping.naver.com/best/category/purchase?categoryCategoryId=50001735&categoryChildCategoryId=50001735&categoryDemo=A00&categoryMidCategoryId=50000088&categoryRootCategoryId=50000003&period=P1D,50000003,50000088.0,50001735.0,디지털/가전,게임기/타이틀,PC게임,2022-02-03 15:54:10,2022-02-03 15:54:10,Y
https://search.shopping.naver.com/best/category/purchase?categoryCategoryId=50001736&categoryChildCategoryId=50001736&categoryDemo=A00&categoryMidCategoryId=50000088&categoryRootCategoryId=50000003&period=P1D,50000003,50000088.0,50001736.0,디지털/가전,게임기/타이틀,게임타이틀,2022-02-03 15:54:10,2022-02-03 15:54:10,Y
https://search.shopping.naver.com/best/category/purchase?categoryCategoryId=50000089&categoryChildCategoryId=&categoryDemo=A00&categoryMidCategoryId=50000089&categoryRootCategoryId=50000003&period=P1D,50000003,50000089.0,,디지털/가전,PC,,2022-02-03 15:54:10,2022-02-03 15:54:10,Y
https://search.shopping.naver.com/best/category/purchase?categoryCategoryId=50001737&categoryChildCategoryId=50001737&categoryDemo=A00&categoryMidCategoryId=50000089&categoryRootCategoryId=50000003&period=P1D,50000003,50000089.0,50001737.0,디지털/가전,PC,브랜드PC,2022-02-03 15:54:10,2022-02-03 15:54:10,Y
https://search.shopping.naver.com/best/category/purchase?categoryCategoryId=50001738&categoryChildCategoryId=50001738&categoryDemo=A00&categoryMidCategoryId=50000089&categoryRootCategoryId=50000003&period=P1D,50000003,50000089.0,50001738.0,디지털/가전,PC,조립/베어본PC,2022-02-03 15:54:10,2022-02-03 15:54:10,Y
https://search.shopping.naver.com/best/category/purchase?categoryCategoryId=50000090&categoryChildCategoryId=&categoryDemo=A00&categoryMidCategoryId=50000090&categoryRootCategoryId=50000003&period=P1D,50000003,50000090.0,,디지털/가전,PC액세서리,,2022-02-03 15:54:10,2022-02-03 15:54:10,Y
https://search.shopping.naver.com/best/category/purchase?categoryCategoryId=50001200&categoryChildCategoryId=50001200&categoryDemo=A00&categoryMidCategoryId=50000090&categoryRootCategoryId=50000003&period=P1D,50000003,50000090.0,50001200.0,디지털/가전,PC액세서리,USB액세서리,2022-02-03 15:54:10,2022-02-03 15:54:10,Y
https://search.shopping.naver.com/best/category/purchase?categoryCategoryId=50001571&categoryChildCategoryId=50001571&categoryDemo=A00&categoryMidCategoryId=50000090&categoryRootCategoryId=50000003&period=P1D,50000003,50000090.0,50001571.0,디지털/가전,PC액세서리,마우스패드,2022-02-03 15:54:10,2022-02-03 15:54:10,Y
https://search.shopping.naver.com/best/category/purchase?categoryCategoryId=50001572&categoryChildCategoryId=50001572&categoryDemo=A00&categoryMidCategoryId=50000090&categoryRootCategoryId=50000003&period=P1D,50000003,50000090.0,50001572.0,디지털/가전,PC액세서리,손목받침대,2022-02-03 15:54:10,2022-02-03 15:54:10,Y
https://search.shopping.naver.com/best/category/purchase?categoryCategoryId=50001573&categoryChildCategoryId=50001573&categoryDemo=A00&categoryMidCategoryId=50000090&categoryRootCategoryId=50000003&period=P1D,50000003,50000090.0,50001573.0,디지털/가전,PC액세서리,보안기,2022-02-03 15:54:10,2022-02-03 15:54:10,Y
https://search.shopping.naver.com/best/category/purchase?categoryCategoryId=50001574&categoryChildCategoryId=50001574&categoryDemo=A00&categoryMidCategoryId=50000090&categoryRootCategoryId=50000003&period=P1D,50000003,50000090.0,50001574.0,디지털/가전,PC액세서리,PC받침대,2022-02-03 15:54:10,2022-02-03 15:54:10,Y
https://search.shopping.naver.com/best/category/purchase?categoryCategoryId=50001576&categoryChildCategoryId=50001576&categoryDemo=A00&categoryMidCategoryId=50000090&categoryRootCategoryId=50000003&period=P1D,50000003,50000090.0,50001576.0,디지털/가전,PC액세서리,키보드키스킨/스티커,2022-02-03 15:54:10,2022-02-03 15:54:10,Y
https://search.shopping.naver.com/best/category/purchase?categoryCategoryId=50001577&categoryChildCategoryId=50001577&categoryDemo=A00&categoryMidCategoryId=50000090&categoryRootCategoryId=50000003&period=P1D,50000003,50000090.0,50001577.0,디지털/가전,PC액세서리,클리너,2022-02-03 15:54:10,2022-02-03 15:54:10,Y
https://search.shopping.naver.com/best/category/purchase?categoryCategoryId=50001578&categoryChildCategoryId=50001578&categoryDemo=A00&categoryMidCategoryId=50000090&categoryRootCategoryId=50000003&period=P1D,50000003,50000090.0,50001578.0,디지털/가전,PC액세서리,케이블타이/정리함,2022-02-03 15:54:10,2022-02-03 15:54:10,Y
https://search.shopping.naver.com/best/category/purchase?categoryCategoryId=50001579&categoryChildCategoryId=50001579&categoryDemo=A00&categoryMidCategoryId=50000090&categoryRootCategoryId=50000003&period=P1D,50000003,50000090.0,50001579.0,디지털/가전,PC액세서리,기타PC액세서리,2022-02-03 15:54:10,2022-02-03 15:54:10,Y
https://search.shopping.naver.com/best/category/purchase?categoryCategoryId=50000091&categoryChildCategoryId=&categoryDemo=A00&categoryMidCategoryId=50000091&categoryRootCategoryId=50000003&period=P1D,50000003,50000091.0,,디지털/가전,노트북액세서리,,2022-02-03 15:54:10,2022-02-03 15:54:10,Y
https://search.shopping.naver.com/best/category/purchase?categoryCategoryId=50001201&categoryChildCategoryId=50001201&categoryDemo=A00&categoryMidCategoryId=50000091&categoryRootCategoryId=50000003&period=P1D,50000003,50000091.0,50001201.0,디지털/가전,노트북액세서리,노트북보호필름,2022-02-03 15:54:10,2022-02-03 15:54:10,Y
https://search.shopping.naver.com/best/category/purchase?categoryCategoryId=50001580&categoryChildCategoryId=50001580&categoryDemo=A00&categoryMidCategoryId=50000091&categoryRootCategoryId=50000003&period=P1D,50000003,50000091.0,50001580.0,디지털/가전,노트북액세서리,노트북가방/케이스,2022-02-03 15:54:10,2022-02-03 15:54:10,Y
https://search.shopping.naver.com/best/category/purchase?categoryCategoryId=50001581&categoryChildCategoryId=50001581&categoryDemo=A00&categoryMidCategoryId=50000091&categoryRootCategoryId=50000003&period=P1D,50000003,50000091.0,50001581.0,디지털/가전,노트북액세서리,노트북받침대/쿨러,2022-02-03 15:54:10,2022-02-03 15:54:10,Y
https://search.shopping.naver.com/best/category/purchase?categoryCategoryId=50001583&categoryChildCategoryId=50001583&categoryDemo=A00&categoryMidCategoryId=50000091&categoryRootCategoryId=50000003&period=P1D,50000003,50000091.0,50001583.0,디지털/가전,노트북액세서리,노트북어댑터,2022-02-03 15:54:10,2022-02-03 15:54:10,Y
https://search.shopping.naver.com/best/category/purchase?categoryCategoryId=50001584&categoryChildCategoryId=50001584&categoryDemo=A00&categoryMidCategoryId=50000091&categoryRootCategoryId=50000003&period=P1D,50000003,50000091.0,50001584.0,디지털/가전,노트북액세서리,노트북용배터리,2022-02-03 15:54:10,2022-02-03 15:54:10,Y
https://search.shopping.naver.com/best/category/purchase?categoryCategoryId=50000092&categoryChildCategoryId=&categoryDemo=A00&categoryMidCategoryId=50000092&categoryRootCategoryId=50000003&period=P1D,50000003,50000092.0,,디지털/가전,태블릿PC액세서리,,2022-02-03 15:54:10,2022-02-03 15:54:10,Y
https://search.shopping.naver.com/best/category/purchase?categoryCategoryId=50001202&categoryChildCategoryId=50001202&categoryDemo=A00&categoryMidCategoryId=50000092&categoryRootCategoryId=50000003&period=P1D,50000003,50000092.0,50001202.0,디지털/가전,태블릿PC액세서리,태블릿PC보호필름,2022-02-03 15:54:10,2022-02-03 15:54:10,Y
https://search.shopping.naver.com/best/category/purchase?categoryCategoryId=50001588&categoryChildCategoryId=50001588&categoryDemo=A00&categoryMidCategoryId=50000092&categoryRootCategoryId=50000003&period=P1D,50000003,50000092.0,50001588.0,디지털/가전,태블릿PC액세서리,케이스/파우치,2022-02-03 15:54:10,2022-02-03 15:54:10,Y
https://search.shopping.naver.com/best/category/purchase?categoryCategoryId=50001589&categoryChildCategoryId=50001589&categoryDemo=A00&categoryMidCategoryId=50000092&categoryRootCategoryId=50000003&period=P1D,50000003,50000092.0,50001589.0,디지털/가전,태블릿PC액세서리,스탠드/Dock,2022-02-03 15:54:10,2022-02-03 15:54:10,Y
https://search.shopping.naver.com/best/category/purchase?categoryCategoryId=50007236&categoryChildCategoryId=50007236&categoryDemo=A00&categoryMidCategoryId=50000092&categoryRootCategoryId=50000003&period=P1D,50000003,50000092.0,50007236.0,디지털/가전,태블릿PC액세서리,터치펜/기타,2022-02-03 15:54:10,2022-02-03 15:54:10,Y
https://search.shopping.naver.com/best/category/purchase?categoryCategoryId=50000093&categoryChildCategoryId=&categoryDemo=A00&categoryMidCategoryId=50000093&categoryRootCategoryId=50000003&period=P1D,50000003,50000093.0,,디지털/가전,모니터주변기기,,2022-02-03 15:54:10,2022-02-03 15:54:10,Y
https://search.shopping.naver.com/best/category/purchase?categoryCategoryId=50001590&categoryChildCategoryId=50001590&categoryDemo=A00&categoryMidCategoryId=50000093&categoryRootCategoryId=50000003&period=P1D,50000003,50000093.0,50001590.0,디지털/가전,모니터주변기기,모니터받침대,2022-02-03 15:54:10,2022-02-03 15:54:10,Y
https://search.shopping.naver.com/best/category/purchase?categoryCategoryId=50006203&categoryChildCategoryId=50006203&categoryDemo=A00&categoryMidCategoryId=50000093&categoryRootCategoryId=50000003&period=P1D,50000003,50000093.0,50006203.0,디지털/가전,모니터주변기기,모니터암,2022-02-03 15:54:10,2022-02-03 15:54:10,Y
https://search.shopping.naver.com/best/category/purchase?categoryCategoryId=50000094&categoryChildCategoryId=&categoryDemo=A00&categoryMidCategoryId=50000094&categoryRootCategoryId=50000003&period=P1D,50000003,50000094.0,,디지털/가전,주변기기,,2022-02-03 15:54:10,2022-02-03 15:54:10,Y
https://search.shopping.naver.com/best/category/purchase?categoryCategoryId=50001203&categoryChildCategoryId=50001203&categoryDemo=A00&categoryMidCategoryId=50000094&categoryRootCategoryId=50000003&period=P1D,50000003,50000094.0,50001203.0,디지털/가전,주변기기,마우스,2022-02-03 15:54:10,2022-02-03 15:54:10,Y
https://search.shopping.naver.com/best/category/purchase?categoryCategoryId=50001204&categoryChildCategoryId=50001204&categoryDemo=A00&categoryMidCategoryId=50000094&categoryRootCategoryId=50000003&period=P1D,50000003,50000094.0,50001204.0,디지털/가전,주변기기,키보드,2022-02-03 15:54:10,2022-02-03 15:54:10,Y
https://search.shopping.naver.com/best/category/purchase?categoryCategoryId=50001205&categoryChildCategoryId=50001205&categoryDemo=A00&categoryMidCategoryId=50000094&categoryRootCategoryId=50000003&period=P1D,50000003,50000094.0,50001205.0,디지털/가전,주변기기,태블릿/액세서리,2022-02-03 15:54:10,2022-02-03 15:54:10,Y
https://search.shopping.naver.com/best/category/purchase?categoryCategoryId=50001206&categoryChildCategoryId=50001206&categoryDemo=A00&categoryMidCategoryId=50000094&categoryRootCategoryId=50000003&period=P1D,50000003,50000094.0,50001206.0,디지털/가전,주변기기,복합기,2022-02-03 15:54:10,2022-02-03 15:54:10,Y
https://search.shopping.naver.com/best/category/purchase?categoryCategoryId=50001207&categoryChildCategoryId=50001207&categoryDemo=A00&categoryMidCategoryId=50000094&categoryRootCategoryId=50000003&period=P1D,50000003,50000094.0,50001207.0,디지털/가전,주변기기,프린터,2022-02-03 15:54:10,2022-02-03 15:54:10,Y
https://search.shopping.naver.com/best/category/purchase?categoryCategoryId=50001208&categoryChildCategoryId=50001208&categoryDemo=A00&categoryMidCategoryId=50000094&categoryRootCategoryId=50000003&period=P1D,50000003,50000094.0,50001208.0,디지털/가전,주변기기,복합기/프린터소모품,2022-02-03 15:54:10,2022-02-03 15:54:10,Y
https://search.shopping.naver.com/best/category/purchase?categoryCategoryId=50001209&categoryChildCategoryId=50001209&categoryDemo=A00&categoryMidCategoryId=50000094&categoryRootCategoryId=50000003&period=P1D,50000003,50000094.0,50001209.0,디지털/가전,주변기기,스캐너,2022-02-03 15:54:10,2022-02-03 15:54:10,Y
https://search.shopping.naver.com/best/category/purchase?categoryCategoryId=50001594&categoryChildCategoryId=50001594&categoryDemo=A00&categoryMidCategoryId=50000094&categoryRootCategoryId=50000003&period=P1D,50000003,50000094.0,50001594.0,디지털/가전,주변기기,키보드/마우스세트,2022-02-03 15:54:10,2022-02-03 15:54:10,Y
https://search.shopping.naver.com/best/category/purchase?categoryCategoryId=50000095&categoryChildCategoryId=&categoryDemo=A00&categoryMidCategoryId=50000095&categoryRootCategoryId=50000003&period=P1D,50000003,50000095.0,,디지털/가전,멀티미디어장비,,2022-02-03 15:54:10,2022-02-03 15:54:10,Y
https://search.shopping.naver.com/best/category/purchase?categoryCategoryId=50001212&categoryChildCategoryId=50001212&categoryDemo=A00&categoryMidCategoryId=50000095&categoryRootCategoryId=50000003&period=P1D,50000003,50000095.0,50001212.0,디지털/가전,멀티미디어장비,PC스피커,2022-02-03 15:54:10,2022-02-03 15:54:10,Y
https://search.shopping.naver.com/best/category/purchase?categoryCategoryId=50001214&categoryChildCategoryId=50001214&categoryDemo=A00&categoryMidCategoryId=50000095&categoryRootCategoryId=50000003&period=P1D,50000003,50000095.0,50001214.0,디지털/가전,멀티미디어장비,사운드카드,2022-02-03 15:54:10,2022-02-03 15:54:10,Y
https://search.shopping.naver.com/best/category/purchase?categoryCategoryId=50001215&categoryChildCategoryId=50001215&categoryDemo=A00&categoryMidCategoryId=50000095&categoryRootCategoryId=50000003&period=P1D,50000003,50000095.0,50001215.0,디지털/가전,멀티미디어장비,영상편집카드,2022-02-03 15:54:10,2022-02-03 15:54:10,Y
https://search.shopping.naver.com/best/category/purchase?categoryCategoryId=50001596&categoryChildCategoryId=50001596&categoryDemo=A00&categoryMidCategoryId=50000095&categoryRootCategoryId=50000003&period=P1D,50000003,50000095.0,50001596.0,디지털/가전,멀티미디어장비,PC마이크,2022-02-03 15:54:10,2022-02-03 15:54:10,Y
https://search.shopping.naver.com/best/category/purchase?categoryCategoryId=50001598&categoryChildCategoryId=50001598&categoryDemo=A00&categoryMidCategoryId=50000095&categoryRootCategoryId=50000003&period=P1D,50000003,50000095.0,50001598.0,디지털/가전,멀티미디어장비,웹캠,2022-02-03 15:54:10,2022-02-03 15:54:10,Y
https://search.shopping.naver.com/best/category/purchase?categoryCategoryId=50001599&categoryChildCategoryId=50001599&categoryDemo=A00&categoryMidCategoryId=50000095&categoryRootCategoryId=50000003&period=P1D,50000003,50000095.0,50001599.0,디지털/가전,멀티미디어장비,PC헤드셋,2022-02-03 15:54:10,2022-02-03 15:54:10,Y
https://search.shopping.naver.com/best/category/purchase?categoryCategoryId=50000096&categoryChildCategoryId=&categoryDemo=A00&categoryMidCategoryId=50000096&categoryRootCategoryId=50000003&period=P1D,50000003,50000096.0,,디지털/가전,저장장치,,2022-02-03 15:54:10,2022-02-03 15:54:10,Y
https://search.shopping.naver.com/best/category/purchase?categoryCategoryId=50001216&categoryChildCategoryId=50001216&categoryDemo=A00&categoryMidCategoryId=50000096&categoryRootCategoryId=50000003&period=P1D,50000003,50000096.0,50001216.0,디지털/가전,저장장치,ODD,2022-02-03 15:54:10,2022-02-03 15:54:10,Y
https://search.shopping.naver.com/best/category/purchase?categoryCategoryId=50001217&categoryChildCategoryId=50001217&categoryDemo=A00&categoryMidCategoryId=50000096&categoryRootCategoryId=50000003&period=P1D,50000003,50000096.0,50001217.0,디지털/가전,저장장치,공미디어,2022-02-03 15:54:10,2022-02-03 15:54:10,Y
https://search.shopping.naver.com/best/category/purchase?categoryCategoryId=50001600&categoryChildCategoryId=50001600&categoryDemo=A00&categoryMidCategoryId=50000096&categoryRootCategoryId=50000003&period=P1D,50000003,50000096.0,50001600.0,디지털/가전,저장장치,외장HDD,2022-02-03 15:54:10,2022-02-03 15:54:10,Y
https://search.shopping.naver.com/best/category/purchase?categoryCategoryId=50001601&categoryChildCategoryId=50001601&categoryDemo=A00&categoryMidCategoryId=50000096&categoryRootCategoryId=50000003&period=P1D,50000003,50000096.0,50001601.0,디지털/가전,저장장치,외장SSD,2022-02-03 15:54:10,2022-02-03 15:54:10,Y
https://search.shopping.naver.com/best/category/purchase?categoryCategoryId=50001602&categoryChildCategoryId=50001602&categoryDemo=A00&categoryMidCategoryId=50000096&categoryRootCategoryId=50000003&period=P1D,50000003,50000096.0,50001602.0,디지털/가전,저장장치,NAS,2022-02-03 15:54:10,2022-02-03 15:54:10,Y
https://search.shopping.naver.com/best/category/purchase?categoryCategoryId=50001615&categoryChildCategoryId=50001615&categoryDemo=A00&categoryMidCategoryId=50000096&categoryRootCategoryId=50000003&period=P1D,50000003,50000096.0,50001615.0,디지털/가전,저장장치,USB메모리,2022-02-03 15:54:10,2022-02-03 15:54:10,Y
https://search.shopping.naver.com/best/category/purchase?categoryCategoryId=50001616&categoryChildCategoryId=50001616&categoryDemo=A00&categoryMidCategoryId=50000096&categoryRootCategoryId=50000003&period=P1D,50000003,50000096.0,50001616.0,디지털/가전,저장장치,HDD,2022-02-03 15:54:10,2022-02-03 15:54:10,Y
https://search.shopping.naver.com/best/category/purchase?categoryCategoryId=50001617&categoryChildCategoryId=50001617&categoryDemo=A00&categoryMidCategoryId=50000096&categoryRootCategoryId=50000003&period=P1D,50000003,50000096.0,50001617.0,디지털/가전,저장장치,SSD,2022-02-03 15:54:10,2022-02-03 15:54:10,Y
https://search.shopping.naver.com/best/category/purchase?categoryCategoryId=50000097&categoryChildCategoryId=&categoryDemo=A00&categoryMidCategoryId=50000097&categoryRootCategoryId=50000003&period=P1D,50000003,50000097.0,,디지털/가전,PC부품,,2022-02-03 15:54:10,2022-02-03 15:54:10,Y
https://search.shopping.naver.com/best/category/purchase?categoryCategoryId=50001218&categoryChildCategoryId=50001218&categoryDemo=A00&categoryMidCategoryId=50000097&categoryRootCategoryId=50000003&period=P1D,50000003,50000097.0,50001218.0,디지털/가전,PC부품,RAM,2022-02-03 15:54:10,2022-02-03 15:54:10,Y
https://search.shopping.naver.com/best/category/purchase?categoryCategoryId=50001219&categoryChildCategoryId=50001219&categoryDemo=A00&categoryMidCategoryId=50000097&categoryRootCategoryId=50000003&period=P1D,50000003,50000097.0,50001219.0,디지털/가전,PC부품,그래픽카드,2022-02-03 15:54:10,2022-02-03 15:54:10,Y
https://search.shopping.naver.com/best/category/purchase?categoryCategoryId=50001220&categoryChildCategoryId=50001220&categoryDemo=A00&categoryMidCategoryId=50000097&categoryRootCategoryId=50000003&period=P1D,50000003,50000097.0,50001220.0,디지털/가전,PC부품,메인보드,2022-02-03 15:54:10,2022-02-03 15:54:10,Y
https://search.shopping.naver.com/best/category/purchase?categoryCategoryId=50001221&categoryChildCategoryId=50001221&categoryDemo=A00&categoryMidCategoryId=50000097&categoryRootCategoryId=50000003&period=P1D,50000003,50000097.0,50001221.0,디지털/가전,PC부품,파워서플라이,2022-02-03 15:54:10,2022-02-03 15:54:10,Y
https://search.shopping.naver.com/best/category/purchase?categoryCategoryId=50001222&categoryChildCategoryId=50001222&categoryDemo=A00&categoryMidCategoryId=50000097&categoryRootCategoryId=50000003&period=P1D,50000003,50000097.0,50001222.0,디지털/가전,PC부품,PC케이블,2022-02-03 15:54:10,2022-02-03 15:54:10,Y
https://search.shopping.naver.com/best/category/purchase?categoryCategoryId=50001224&categoryChildCategoryId=50001224&categoryDemo=A00&categoryMidCategoryId=50000097&categoryRootCategoryId=50000003&period=P1D,50000003,50000097.0,50001224.0,디지털/가전,PC부품,쿨러,2022-02-03 15:54:10,2022-02-03 15:54:10,Y
https://search.shopping.naver.com/best/category/purchase?categoryCategoryId=50001225&categoryChildCategoryId=50001225&categoryDemo=A00&categoryMidCategoryId=50000097&categoryRootCategoryId=50000003&period=P1D,50000003,50000097.0,50001225.0,디지털/가전,PC부품,튜닝용품,2022-02-03 15:54:10,2022-02-03 15:54:10,Y
https://search.shopping.naver.com/best/category/purchase?categoryCategoryId=50001620&categoryChildCategoryId=50001620&categoryDemo=A00&categoryMidCategoryId=50000097&categoryRootCategoryId=50000003&period=P1D,50000003,50000097.0,50001620.0,디지털/가전,PC부품,CPU,2022-02-03 15:54:10,2022-02-03 15:54:10,Y
https://search.shopping.naver.com/best/category/purchase?categoryCategoryId=50001621&categoryChildCategoryId=50001621&categoryDemo=A00&categoryMidCategoryId=50000097&categoryRootCategoryId=50000003&period=P1D,50000003,50000097.0,50001621.0,디지털/가전,PC부품,PC케이스,2022-02-03 15:54:10,2022-02-03 15:54:10,Y
https://search.shopping.naver.com/best/category/purchase?categoryCategoryId=50000098&categoryChildCategoryId=&categoryDemo=A00&categoryMidCategoryId=50000098&categoryRootCategoryId=50000003&period=P1D,50000003,50000098.0,,디지털/가전,네트워크장비,,2022-02-03 15:54:10,2022-02-03 15:54:10,Y
https://search.shopping.naver.com/best/category/purchase?categoryCategoryId=50001226&categoryChildCategoryId=50001226&categoryDemo=A00&categoryMidCategoryId=50000098&categoryRootCategoryId=50000003&period=P1D,50000003,50000098.0,50001226.0,디지털/가전,네트워크장비,공유기,2022-02-03 15:54:10,2022-02-03 15:54:10,Y
https://search.shopping.naver.com/best/category/purchase?categoryCategoryId=50001227&categoryChildCategoryId=50001227&categoryDemo=A00&categoryMidCategoryId=50000098&categoryRootCategoryId=50000003&period=P1D,50000003,50000098.0,50001227.0,디지털/가전,네트워크장비,랜카드,2022-02-03 15:54:10,2022-02-03 15:54:10,Y
https://search.shopping.naver.com/best/category/purchase?categoryCategoryId=50000099&categoryChildCategoryId=&categoryDemo=A00&categoryMidCategoryId=50000099&categoryRootCategoryId=50000003&period=P1D,50000003,50000099.0,,디지털/가전,소프트웨어,,2022-02-03 15:54:10,2022-02-03 15:54:10,Y
https://search.shopping.naver.com/best/category/purchase?categoryCategoryId=50001512&categoryChildCategoryId=50001512&categoryDemo=A00&categoryMidCategoryId=50000099&categoryRootCategoryId=50000003&period=P1D,50000003,50000099.0,50001512.0,디지털/가전,소프트웨어,운영체제,2022-02-03 15:54:10,2022-02-03 15:54:10,Y
https://search.shopping.naver.com/best/category/purchase?categoryCategoryId=50001514&categoryChildCategoryId=50001514&categoryDemo=A00&categoryMidCategoryId=50000099&categoryRootCategoryId=50000003&period=P1D,50000003,50000099.0,50001514.0,디지털/가전,소프트웨어,사무/회계,2022-02-03 15:54:10,2022-02-03 15:54:10,Y
https://search.shopping.naver.com/best/category/purchase?categoryCategoryId=50001516&categoryChildCategoryId=50001516&categoryDemo=A00&categoryMidCategoryId=50000099&categoryRootCategoryId=50000003&period=P1D,50000003,50000099.0,50001516.0,디지털/가전,소프트웨어,그래픽/멀티미디어,2022-02-03 15:54:10,2022-02-03 15:54:10,Y
https://search.shopping.naver.com/best/category/purchase?categoryCategoryId=50001518&categoryChildCategoryId=50001518&categoryDemo=A00&categoryMidCategoryId=50000099&categoryRootCategoryId=50000003&period=P1D,50000003,50000099.0,50001518.0,디지털/가전,소프트웨어,유틸리티,2022-02-03 15:54:10,2022-02-03 15:54:10,Y
https://search.shopping.naver.com/best/category/purchase?categoryCategoryId=50000151&categoryChildCategoryId=&categoryDemo=A00&categoryMidCategoryId=50000151&categoryRootCategoryId=50000003&period=P1D,50000003,50000151.0,,디지털/가전,노트북,,2022-02-03 15:54:10,2022-02-03 15:54:10,Y
https://search.shopping.naver.com/best/category/purchase?categoryCategoryId=50000152&categoryChildCategoryId=&categoryDemo=A00&categoryMidCategoryId=50000152&categoryRootCategoryId=50000003&period=P1D,50000003,50000152.0,,디지털/가전,태블릿PC,,2022-02-03 15:54:10,2022-02-03 15:54:10,Y
https://search.shopping.naver.com/best/category/purchase?categoryCategoryId=50000153&categoryChildCategoryId=&categoryDemo=A00&categoryMidCategoryId=50000153&categoryRootCategoryId=50000003&period=P1D,50000003,50000153.0,,디지털/가전,모니터,,2022-02-03 15:54:10,2022-02-03 15:54:10,Y
https://search.shopping.naver.com/best/category/purchase?categoryCategoryId=50000204&categoryChildCategoryId=&categoryDemo=A00&categoryMidCategoryId=50000204&categoryRootCategoryId=50000003&period=P1D,50000003,50000204.0,,디지털/가전,휴대폰,,2022-02-03 15:54:10,2022-02-03 15:54:10,Y
https://search.shopping.naver.com/best/category/purchase?categoryCategoryId=50000205&categoryChildCategoryId=&categoryDemo=A00&categoryMidCategoryId=50000205&categoryRootCategoryId=50000003&period=P1D,50000003,50000205.0,,디지털/가전,휴대폰액세서리,,2022-02-03 15:54:10,2022-02-03 15:54:10,Y
https://search.shopping.naver.com/best/category/purchase?categoryCategoryId=50000252&categoryChildCategoryId=50000252&categoryDemo=A00&categoryMidCategoryId=50000205&categoryRootCategoryId=50000003&period=P1D,50000003,50000205.0,50000252.0,디지털/가전,휴대폰액세서리,휴대폰케이블,2022-02-03 15:54:10,2022-02-03 15:54:10,Y
https://search.shopping.naver.com/best/category/purchase?categoryCategoryId=50000253&categoryChildCategoryId=50000253&categoryDemo=A00&categoryMidCategoryId=50000205&categoryRootCategoryId=50000003&period=P1D,50000003,50000205.0,50000253.0,디지털/가전,휴대폰액세서리,휴대폰젠더,2022-02-03 15:54:10,2022-02-03 15:54:10,Y
https://search.shopping.naver.com/best/category/purchase?categoryCategoryId=50000255&categoryChildCategoryId=50000255&categoryDemo=A00&categoryMidCategoryId=50000205&categoryRootCategoryId=50000003&period=P1D,50000003,50000205.0,50000255.0,디지털/가전,휴대폰액세서리,휴대폰거치대,2022-02-03 15:54:10,2022-02-03 15:54:10,Y
https://search.shopping.naver.com/best/category/purchase?categoryCategoryId=50000256&categoryChildCategoryId=50000256&categoryDemo=A00&categoryMidCategoryId=50000205&categoryRootCategoryId=50000003&period=P1D,50000003,50000205.0,50000256.0,디지털/가전,휴대폰액세서리,휴대폰줄,2022-02-03 15:54:10,2022-02-03 15:54:10,Y
https://search.shopping.naver.com/best/category/purchase?categoryCategoryId=50000262&categoryChildCategoryId=50000262&categoryDemo=A00&categoryMidCategoryId=50000205&categoryRootCategoryId=50000003&period=P1D,50000003,50000205.0,50000262.0,디지털/가전,휴대폰액세서리,웨어러블 디바이스,2022-02-03 15:54:10,2022-02-03 15:54:10,Y
https://search.shopping.naver.com/best/category/purchase?categoryCategoryId=50001377&categoryChildCategoryId=50001377&categoryDemo=A00&categoryMidCategoryId=50000205&categoryRootCategoryId=50000003&period=P1D,50000003,50000205.0,50001377.0,디지털/가전,휴대폰액세서리,휴대폰케이스,2022-02-03 15:54:10,2022-02-03 15:54:10,Y
https://search.shopping.naver.com/best/category/purchase?categoryCategoryId=50001378&categoryChildCategoryId=50001378&categoryDemo=A00&categoryMidCategoryId=50000205&categoryRootCategoryId=50000003&period=P1D,50000003,50000205.0,50001378.0,디지털/가전,휴대폰액세서리,휴대폰보호필름,2022-02-03 15:54:10,2022-02-03 15:54:10,Y
https://search.shopping.naver.com/best/category/purchase?categoryCategoryId=50001379&categoryChildCategoryId=50001379&categoryDemo=A00&categoryMidCategoryId=50000205&categoryRootCategoryId=50000003&period=P1D,50000003,50000205.0,50001379.0,디지털/가전,휴대폰액세서리,휴대폰충전기,2022-02-03 15:54:10,2022-02-03 15:54:10,Y
https://search.shopping.naver.com/best/category/purchase?categoryCategoryId=50001380&categoryChildCategoryId=50001380&categoryDemo=A00&categoryMidCategoryId=50000205&categoryRootCategoryId=50000003&period=P1D,50000003,50000205.0,50001380.0,디지털/가전,휴대폰액세서리,휴대폰배터리,2022-02-03 15:54:10,2022-02-03 15:54:10,Y
https://search.shopping.naver.com/best/category/purchase?categoryCategoryId=50006370&categoryChildCategoryId=50006370&categoryDemo=A00&categoryMidCategoryId=50000205&categoryRootCategoryId=50000003&period=P1D,50000003,50000205.0,50006370.0,디지털/가전,휴대폰액세서리,셀카봉,2022-02-03 15:54:10,2022-02-03 15:54:10,Y
https://search.shopping.naver.com/best/category/purchase?categoryCategoryId=50006371&categoryChildCategoryId=50006371&categoryDemo=A00&categoryMidCategoryId=50000205&categoryRootCategoryId=50000003&period=P1D,50000003,50000205.0,50006371.0,디지털/가전,휴대폰액세서리,웨어러블 디바이스 액세서리,2022-02-03 15:54:10,2022-02-03 15:54:10,Y
https://search.shopping.naver.com/best/category/purchase?categoryCategoryId=50000206&categoryChildCategoryId=&categoryDemo=A00&categoryMidCategoryId=50000206&categoryRootCategoryId=50000003&period=P1D,50000003,50000206.0,,디지털/가전,카메라/캠코더용품,,2022-02-03 15:54:10,2022-02-03 15:54:10,Y
https://search.shopping.naver.com/best/category/purchase?categoryCategoryId=50000265&categoryChildCategoryId=50000265&categoryDemo=A00&categoryMidCategoryId=50000206&categoryRootCategoryId=50000003&period=P1D,50000003,50000206.0,50000265.0,디지털/가전,카메라/캠코더용품,DSLR카메라,2022-02-03 15:54:10,2022-02-03 15:54:10,Y
https://search.shopping.naver.com/best/category/purchase?categoryCategoryId=50000266&categoryChildCategoryId=50000266&categoryDemo=A00&categoryMidCategoryId=50000206&categoryRootCategoryId=50000003&period=P1D,50000003,50000206.0,50000266.0,디지털/가전,카메라/캠코더용품,미러리스디카,2022-02-03 15:54:10,2022-02-03 15:54:10,Y
https://search.shopping.naver.com/best/category/purchase?categoryCategoryId=50000267&categoryChildCategoryId=50000267&categoryDemo=A00&categoryMidCategoryId=50000206&categoryRootCategoryId=50000003&period=P1D,50000003,50000206.0,50000267.0,디지털/가전,카메라/캠코더용품,일반디카,2022-02-03 15:54:10,2022-02-03 15:54:10,Y
https://search.shopping.naver.com/best/category/purchase?categoryCategoryId=50000268&categoryChildCategoryId=50000268&categoryDemo=A00&categoryMidCategoryId=50000206&categoryRootCategoryId=50000003&period=P1D,50000003,50000206.0,50000268.0,디지털/가전,카메라/캠코더용품,캠코더,2022-02-03 15:54:10,2022-02-03 15:54:10,Y
https://search.shopping.naver.com/best/category/purchase?categoryCategoryId=50001381&categoryChildCategoryId=50001381&categoryDemo=A00&categoryMidCategoryId=50000206&categoryRootCategoryId=50000003&period=P1D,50000003,50000206.0,50001381.0,디지털/가전,카메라/캠코더용품,카메라렌즈,2022-02-03 15:54:10,2022-02-03 15:54:10,Y
https://search.shopping.naver.com/best/category/purchase?categoryCategoryId=50001382&categoryChildCategoryId=50001382&categoryDemo=A00&categoryMidCategoryId=50000206&categoryRootCategoryId=50000003&period=P1D,50000003,50000206.0,50001382.0,디지털/가전,카메라/캠코더용품,렌즈용품,2022-02-03 15:54:10,2022-02-03 15:54:10,Y
https://search.shopping.naver.com/best/category/purchase?categoryCategoryId=50001383&categoryChildCategoryId=50001383&categoryDemo=A00&categoryMidCategoryId=50000206&categoryRootCategoryId=50000003&period=P1D,50000003,50000206.0,50001383.0,디지털/가전,카메라/캠코더용품,즉석카메라,2022-02-03 15:54:10,2022-02-03 15:54:10,Y
https://search.shopping.naver.com/best/category/purchase?categoryCategoryId=50001384&categoryChildCategoryId=50001384&categoryDemo=A00&categoryMidCategoryId=50000206&categoryRootCategoryId=50000003&period=P1D,50000003,50000206.0,50001384.0,디지털/가전,카메라/캠코더용품,필름카메라,2022-02-03 15:54:10,2022-02-03 15:54:10,Y
https://search.shopping.naver.com/best/category/purchase?categoryCategoryId=50001385&categoryChildCategoryId=50001385&categoryDemo=A00&categoryMidCategoryId=50000206&categoryRootCategoryId=50000003&period=P1D,50000003,50000206.0,50001385.0,디지털/가전,카메라/캠코더용품,메모리카드,2022-02-03 15:54:10,2022-02-03 15:54:10,Y
https://search.shopping.naver.com/best/category/purchase?categoryCategoryId=50001386&categoryChildCategoryId=50001386&categoryDemo=A00&categoryMidCategoryId=50000206&categoryRootCategoryId=50000003&period=P1D,50000003,50000206.0,50001386.0,디지털/가전,카메라/캠코더용품,카드리더기,2022-02-03 15:54:10,2022-02-03 15:54:10,Y
https://search.shopping.naver.com/best/category/purchase?categoryCategoryId=50001387&categoryChildCategoryId=50001387&categoryDemo=A00&categoryMidCategoryId=50000206&categoryRootCategoryId=50000003&period=P1D,50000003,50000206.0,50001387.0,디지털/가전,카메라/캠코더용품,카메라가방/케이스,2022-02-03 15:54:10,2022-02-03 15:54:10,Y
https://search.shopping.naver.com/best/category/purchase?categoryCategoryId=50001388&categoryChildCategoryId=50001388&categoryDemo=A00&categoryMidCategoryId=50000206&categoryRootCategoryId=50000003&period=P1D,50000003,50000206.0,50001388.0,디지털/가전,카메라/캠코더용품,카메라스트랩/그립,2022-02-03 15:54:10,2022-02-03 15:54:10,Y
https://search.shopping.naver.com/best/category/purchase?categoryCategoryId=50001389&categoryChildCategoryId=50001389&categoryDemo=A00&categoryMidCategoryId=50000206&categoryRootCategoryId=50000003&period=P1D,50000003,50000206.0,50001389.0,디지털/가전,카메라/캠코더용품,삼각대/헤드,2022-02-03 15:54:10,2022-02-03 15:54:10,Y
https://search.shopping.naver.com/best/category/purchase?categoryCategoryId=50001390&categoryChildCategoryId=50001390&categoryDemo=A00&categoryMidCategoryId=50000206&categoryRootCategoryId=50000003&period=P1D,50000003,50000206.0,50001390.0,디지털/가전,카메라/캠코더용품,플래시/조명용품,2022-02-03 15:54:10,2022-02-03 15:54:10,Y
https://search.shopping.naver.com/best/category/purchase?categoryCategoryId=50001391&categoryChildCategoryId=50001391&categoryDemo=A00&categoryMidCategoryId=50000206&categoryRootCategoryId=50000003&period=P1D,50000003,50000206.0,50001391.0,디지털/가전,카메라/캠코더용품,충전기/배터리,2022-02-03 15:54:10,2022-02-03 15:54:10,Y
https://search.shopping.naver.com/best/category/purchase?categoryCategoryId=50001393&categoryChildCategoryId=50001393&categoryDemo=A00&categoryMidCategoryId=50000206&categoryRootCategoryId=50000003&period=P1D,50000003,50000206.0,50001393.0,디지털/가전,카메라/캠코더용품,필름/관련용품,2022-02-03 15:54:10,2022-02-03 15:54:10,Y
https://search.shopping.naver.com/best/category/purchase?categoryCategoryId=50001394&categoryChildCategoryId=50001394&categoryDemo=A00&categoryMidCategoryId=50000206&categoryRootCategoryId=50000003&period=P1D,50000003,50000206.0,50001394.0,디지털/가전,카메라/캠코더용품,카메라/캠코더 관련용품,2022-02-03 15:54:10,2022-02-03 15:54:10,Y
https://search.shopping.naver.com/best/category/purchase?categoryCategoryId=50007073&categoryChildCategoryId=50007073&categoryDemo=A00&categoryMidCategoryId=50000206&categoryRootCategoryId=50000003&period=P1D,50000003,50000206.0,50007073.0,디지털/가전,카메라/캠코더용품,액션캠,2022-02-03 15:54:10,2022-02-03 15:54:10,Y
https://search.shopping.naver.com/best/category/purchase?categoryCategoryId=50000208&categoryChildCategoryId=&categoryDemo=A00&categoryMidCategoryId=50000208&categoryRootCategoryId=50000003&period=P1D,50000003,50000208.0,,디지털/가전,영상가전,,2022-02-03 15:54:10,2022-02-03 15:54:10,Y
https://search.shopping.naver.com/best/category/purchase?categoryCategoryId=50001395&categoryChildCategoryId=50001395&categoryDemo=A00&categoryMidCategoryId=50000208&categoryRootCategoryId=50000003&period=P1D,50000003,50000208.0,50001395.0,디지털/가전,영상가전,TV,2022-02-03 15:54:10,2022-02-03 15:54:10,Y
https://search.shopping.naver.com/best/category/purchase?categoryCategoryId=50001396&categoryChildCategoryId=50001396&categoryDemo=A00&categoryMidCategoryId=50000208&categoryRootCategoryId=50000003&period=P1D,50000003,50000208.0,50001396.0,디지털/가전,영상가전,영상가전액세서리,2022-02-03 15:54:10,2022-02-03 15:54:10,Y
https://search.shopping.naver.com/best/category/purchase?categoryCategoryId=50001397&categoryChildCategoryId=50001397&categoryDemo=A00&categoryMidCategoryId=50000208&categoryRootCategoryId=50000003&period=P1D,50000003,50000208.0,50001397.0,디지털/가전,영상가전,프로젝터,2022-02-03 15:54:10,2022-02-03 15:54:10,Y
https://search.shopping.naver.com/best/category/purchase?categoryCategoryId=50001399&categoryChildCategoryId=50001399&categoryDemo=A00&categoryMidCategoryId=50000208&categoryRootCategoryId=50000003&period=P1D,50000003,50000208.0,50001399.0,디지털/가전,영상가전,영상플레이어,2022-02-03 15:54:10,2022-02-03 15:54:10,Y
https://search.shopping.naver.com/best/category/purchase?categoryCategoryId=50000209&categoryChildCategoryId=&categoryDemo=A00&categoryMidCategoryId=50000209&categoryRootCategoryId=50000003&period=P1D,50000003,50000209.0,,디지털/가전,음향가전,,2022-02-03 15:54:10,2022-02-03 15:54:10,Y
https://search.shopping.naver.com/best/category/purchase?categoryCategoryId=50001400&categoryChildCategoryId=50001400&categoryDemo=A00&categoryMidCategoryId=50000209&categoryRootCategoryId=50000003&period=P1D,50000003,50000209.0,50001400.0,디지털/가전,음향가전,홈시어터,2022-02-03 15:54:10,2022-02-03 15:54:10,Y
https://search.shopping.naver.com/best/category/purchase?categoryCategoryId=50001401&categoryChildCategoryId=50001401&categoryDemo=A00&categoryMidCategoryId=50000209&categoryRootCategoryId=50000003&period=P1D,50000003,50000209.0,50001401.0,디지털/가전,음향가전,오디오,2022-02-03 15:54:10,2022-02-03 15:54:10,Y
https://search.shopping.naver.com/best/category/purchase?categoryCategoryId=50001402&categoryChildCategoryId=50001402&categoryDemo=A00&categoryMidCategoryId=50000209&categoryRootCategoryId=50000003&period=P1D,50000003,50000209.0,50001402.0,디지털/가전,음향가전,스피커,2022-02-03 15:54:10,2022-02-03 15:54:10,Y
https://search.shopping.naver.com/best/category/purchase?categoryCategoryId=50001403&categoryChildCategoryId=50001403&categoryDemo=A00&categoryMidCategoryId=50000209&categoryRootCategoryId=50000003&period=P1D,50000003,50000209.0,50001403.0,디지털/가전,음향가전,카세트플레이어,2022-02-03 15:54:10,2022-02-03 15:54:10,Y
https://search.shopping.naver.com/best/category/purchase?categoryCategoryId=50001404&categoryChildCategoryId=50001404&categoryDemo=A00&categoryMidCategoryId=50000209&categoryRootCategoryId=50000003&period=P1D,50000003,50000209.0,50001404.0,디지털/가전,음향가전,마이크,2022-02-03 15:54:10,2022-02-03 15:54:10,Y
https://search.shopping.naver.com/best/category/purchase?categoryCategoryId=50001406&categoryChildCategoryId=50001406&categoryDemo=A00&categoryMidCategoryId=50000209&categoryRootCategoryId=50000003&period=P1D,50000003,50000209.0,50001406.0,디지털/가전,음향가전,블루투스셋,2022-02-03 15:54:10,2022-02-03 15:54:10,Y
https://search.shopping.naver.com/best/category/purchase?categoryCategoryId=50001407&categoryChildCategoryId=50001407&categoryDemo=A00&categoryMidCategoryId=50000209&categoryRootCategoryId=50000003&period=P1D,50000003,50000209.0,50001407.0,디지털/가전,음향가전,이어폰/헤드폰액세서리,2022-02-03 15:54:10,2022-02-03 15:54:10,Y
https://search.shopping.naver.com/best/category/purchase?categoryCategoryId=50001964&categoryChildCategoryId=50001964&categoryDemo=A00&categoryMidCategoryId=50000209&categoryRootCategoryId=50000003&period=P1D,50000003,50000209.0,50001964.0,디지털/가전,음향가전,리시버/앰프,2022-02-03 15:54:10,2022-02-03 15:54:10,Y
https://search.shopping.naver.com/best/category/purchase?categoryCategoryId=50001967&categoryChildCategoryId=50001967&categoryDemo=A00&categoryMidCategoryId=50000209&categoryRootCategoryId=50000003&period=P1D,50000003,50000209.0,50001967.0,디지털/가전,음향가전,턴테이블,2022-02-03 15:54:10,2022-02-03 15:54:10,Y
https://search.shopping.naver.com/best/category/purchase?categoryCategoryId=50001969&categoryChildCategoryId=50001969&categoryDemo=A00&categoryMidCategoryId=50000209&categoryRootCategoryId=50000003&period=P1D,50000003,50000209.0,50001969.0,디지털/가전,음향가전,DAC,2022-02-03 15:54:10,2022-02-03 15:54:10,Y
https://search.shopping.naver.com/best/category/purchase?categoryCategoryId=50001970&categoryChildCategoryId=50001970&categoryDemo=A00&categoryMidCategoryId=50000209&categoryRootCategoryId=50000003&period=P1D,50000003,50000209.0,50001970.0,디지털/가전,음향가전,라디오,2022-02-03 15:54:10,2022-02-03 15:54:10,Y
https://search.shopping.naver.com/best/category/purchase?categoryCategoryId=50001971&categoryChildCategoryId=50001971&categoryDemo=A00&categoryMidCategoryId=50000209&categoryRootCategoryId=50000003&period=P1D,50000003,50000209.0,50001971.0,디지털/가전,음향가전,CD플레이어,2022-02-03 15:54:10,2022-02-03 15:54:10,Y
https://search.shopping.naver.com/best/category/purchase?categoryCategoryId=50001974&categoryChildCategoryId=50001974&categoryDemo=A00&categoryMidCategoryId=50000209&categoryRootCategoryId=50000003&period=P1D,50000003,50000209.0,50001974.0,디지털/가전,음향가전,MP3,2022-02-03 15:54:10,2022-02-03 15:54:10,Y
https://search.shopping.naver.com/best/category/purchase?categoryCategoryId=50001976&categoryChildCategoryId=50001976&categoryDemo=A00&categoryMidCategoryId=50000209&categoryRootCategoryId=50000003&period=P1D,50000003,50000209.0,50001976.0,디지털/가전,음향가전,이어폰,2022-02-03 15:54:10,2022-02-03 15:54:10,Y
https://search.shopping.naver.com/best/category/purchase?categoryCategoryId=50001977&categoryChildCategoryId=50001977&categoryDemo=A00&categoryMidCategoryId=50000209&categoryRootCategoryId=50000003&period=P1D,50000003,50000209.0,50001977.0,디지털/가전,음향가전,헤드폰,2022-02-03 15:54:10,2022-02-03 15:54:10,Y
https://search.shopping.naver.com/best/category/purchase?categoryCategoryId=50000210&categoryChildCategoryId=&categoryDemo=A00&categoryMidCategoryId=50000210&categoryRootCategoryId=50000003&period=P1D,50000003,50000210.0,,디지털/가전,생활가전,,2022-02-03 15:54:10,2022-02-03 15:54:10,Y
https://search.shopping.naver.com/best/category/purchase?categoryCategoryId=50001408&categoryChildCategoryId=50001408&categoryDemo=A00&categoryMidCategoryId=50000210&categoryRootCategoryId=50000003&period=P1D,50000003,50000210.0,50001408.0,디지털/가전,생활가전,세탁기,2022-02-03 15:54:10,2022-02-03 15:54:10,Y
https://search.shopping.naver.com/best/category/purchase?categoryCategoryId=50001409&categoryChildCategoryId=50001409&categoryDemo=A00&categoryMidCategoryId=50000210&categoryRootCategoryId=50000003&period=P1D,50000003,50000210.0,50001409.0,디지털/가전,생활가전,건조기/탈수기,2022-02-03 15:54:10,2022-02-03 15:54:10,Y
https://search.shopping.naver.com/best/category/purchase?categoryCategoryId=50001410&categoryChildCategoryId=50001410&categoryDemo=A00&categoryMidCategoryId=50000210&categoryRootCategoryId=50000003&period=P1D,50000003,50000210.0,50001410.0,디지털/가전,생활가전,청소기,2022-02-03 15:54:10,2022-02-03 15:54:10,Y
https://search.shopping.naver.com/best/category/purchase?categoryCategoryId=50001411&categoryChildCategoryId=50001411&categoryDemo=A00&categoryMidCategoryId=50000210&categoryRootCategoryId=50000003&period=P1D,50000003,50000210.0,50001411.0,디지털/가전,생활가전,다리미,2022-02-03 15:54:10,2022-02-03 15:54:10,Y
https://search.shopping.naver.com/best/category/purchase?categoryCategoryId=50001412&categoryChildCategoryId=50001412&categoryDemo=A00&categoryMidCategoryId=50000210&categoryRootCategoryId=50000003&period=P1D,50000003,50000210.0,50001412.0,디지털/가전,생활가전,디지털도어록,2022-02-03 15:54:10,2022-02-03 15:54:10,Y
https://search.shopping.naver.com/best/category/purchase?categoryCategoryId=50001413&categoryChildCategoryId=50001413&categoryDemo=A00&categoryMidCategoryId=50000210&categoryRootCategoryId=50000003&period=P1D,50000003,50000210.0,50001413.0,디지털/가전,생활가전,무전기,2022-02-03 15:54:10,2022-02-03 15:54:10,Y
https://search.shopping.naver.com/best/category/purchase?categoryCategoryId=50001414&categoryChildCategoryId=50001414&categoryDemo=A00&categoryMidCategoryId=50000210&categoryRootCategoryId=50000003&period=P1D,50000003,50000210.0,50001414.0,디지털/가전,생활가전,스탠드,2022-02-03 15:54:10,2022-02-03 15:54:10,Y
https://search.shopping.naver.com/best/category/purchase?categoryCategoryId=50001415&categoryChildCategoryId=50001415&categoryDemo=A00&categoryMidCategoryId=50000210&categoryRootCategoryId=50000003&period=P1D,50000003,50000210.0,50001415.0,디지털/가전,생활가전,전화기,2022-02-03 15:54:10,2022-02-03 15:54:10,Y
https://search.shopping.naver.com/best/category/purchase?categoryCategoryId=50001416&categoryChildCategoryId=50001416&categoryDemo=A00&categoryMidCategoryId=50000210&categoryRootCategoryId=50000003&period=P1D,50000003,50000210.0,50001416.0,디지털/가전,생활가전,구강청정기,2022-02-03 15:54:10,2022-02-03 15:54:10,Y
https://search.shopping.naver.com/best/category/purchase?categoryCategoryId=50001978&categoryChildCategoryId=50001978&categoryDemo=A00&categoryMidCategoryId=50000210&categoryRootCategoryId=50000003&period=P1D,50000003,50000210.0,50001978.0,디지털/가전,생활가전,재봉틀,2022-02-03 15:54:10,2022-02-03 15:54:10,Y
https://search.shopping.naver.com/best/category/purchase?categoryCategoryId=50001979&categoryChildCategoryId=50001979&categoryDemo=A00&categoryMidCategoryId=50000210&categoryRootCategoryId=50000003&period=P1D,50000003,50000210.0,50001979.0,디지털/가전,생활가전,보풀제거기,2022-02-03 15:54:10,2022-02-03 15:54:10,Y
https://search.shopping.naver.com/best/category/purchase?categoryCategoryId=50001980&categoryChildCategoryId=50001980&categoryDemo=A00&categoryMidCategoryId=50000210&categoryRootCategoryId=50000003&period=P1D,50000003,50000210.0,50001980.0,디지털/가전,생활가전,손소독기,2022-02-03 15:54:10,2022-02-03 15:54:10,Y
https://search.shopping.naver.com/best/category/purchase?categoryCategoryId=50001981&categoryChildCategoryId=50001981&categoryDemo=A00&categoryMidCategoryId=50000210&categoryRootCategoryId=50000003&period=P1D,50000003,50000210.0,50001981.0,디지털/가전,생활가전,자외선소독기,2022-02-03 15:54:10,2022-02-03 15:54:10,Y
https://search.shopping.naver.com/best/category/purchase?categoryCategoryId=50001985&categoryChildCategoryId=50001985&categoryDemo=A00&categoryMidCategoryId=50000210&categoryRootCategoryId=50000003&period=P1D,50000003,50000210.0,50001985.0,디지털/가전,생활가전,해충퇴치기,2022-02-03 15:54:10,2022-02-03 15:54:10,Y
https://search.shopping.naver.com/best/category/purchase?categoryCategoryId=50007045&categoryChildCategoryId=50007045&categoryDemo=A00&categoryMidCategoryId=50000210&categoryRootCategoryId=50000003&period=P1D,50000003,50000210.0,50007045.0,디지털/가전,생활가전,의류관리기,2022-02-03 15:54:10,2022-02-03 15:54:10,Y
https://search.shopping.naver.com/best/category/purchase?categoryCategoryId=50000211&categoryChildCategoryId=&categoryDemo=A00&categoryMidCategoryId=50000211&categoryRootCategoryId=50000003&period=P1D,50000003,50000211.0,,디지털/가전,이미용가전,,2022-02-03 15:54:10,2022-02-03 15:54:10,Y
https://search.shopping.naver.com/best/category/purchase?categoryCategoryId=50001417&categoryChildCategoryId=50001417&categoryDemo=A00&categoryMidCategoryId=50000211&categoryRootCategoryId=50000003&period=P1D,50000003,50000211.0,50001417.0,디지털/가전,이미용가전,면도기,2022-02-03 15:54:10,2022-02-03 15:54:10,Y
https://search.shopping.naver.com/best/category/purchase?categoryCategoryId=50001418&categoryChildCategoryId=50001418&categoryDemo=A00&categoryMidCategoryId=50000211&categoryRootCategoryId=50000003&period=P1D,50000003,50000211.0,50001418.0,디지털/가전,이미용가전,면도기소모품,2022-02-03 15:54:10,2022-02-03 15:54:10,Y
https://search.shopping.naver.com/best/category/purchase?categoryCategoryId=50001850&categoryChildCategoryId=50001850&categoryDemo=A00&categoryMidCategoryId=50000211&categoryRootCategoryId=50000003&period=P1D,50000003,50000211.0,50001850.0,디지털/가전,이미용가전,이미용가전액세서리,2022-02-03 15:54:10,2022-02-03 15:54:10,Y
https://search.shopping.naver.com/best/category/purchase?categoryCategoryId=50001864&categoryChildCategoryId=50001864&categoryDemo=A00&categoryMidCategoryId=50000211&categoryRootCategoryId=50000003&period=P1D,50000003,50000211.0,50001864.0,디지털/가전,이미용가전,기타이미용가전,2022-02-03 15:54:10,2022-02-03 15:54:10,Y
https://search.shopping.naver.com/best/category/purchase?categoryCategoryId=50001986&categoryChildCategoryId=50001986&categoryDemo=A00&categoryMidCategoryId=50000211&categoryRootCategoryId=50000003&period=P1D,50000003,50000211.0,50001986.0,디지털/가전,이미용가전,드라이어,2022-02-03 15:54:10,2022-02-03 15:54:10,Y
https://search.shopping.naver.com/best/category/purchase?categoryCategoryId=50001987&categoryChildCategoryId=50001987&categoryDemo=A00&categoryMidCategoryId=50000211&categoryRootCategoryId=50000003&period=P1D,50000003,50000211.0,50001987.0,디지털/가전,이미용가전,고데기,2022-02-03 15:54:10,2022-02-03 15:54:10,Y
https://search.shopping.naver.com/best/category/purchase?categoryCategoryId=50001988&categoryChildCategoryId=50001988&categoryDemo=A00&categoryMidCategoryId=50000211&categoryRootCategoryId=50000003&period=P1D,50000003,50000211.0,50001988.0,디지털/가전,이미용가전,매직기,2022-02-03 15:54:10,2022-02-03 15:54:10,Y
https://search.shopping.naver.com/best/category/purchase?categoryCategoryId=50001989&categoryChildCategoryId=50001989&categoryDemo=A00&categoryMidCategoryId=50000211&categoryRootCategoryId=50000003&period=P1D,50000003,50000211.0,50001989.0,디지털/가전,이미용가전,에어브러시,2022-02-03 15:54:10,2022-02-03 15:54:10,Y
https://search.shopping.naver.com/best/category/purchase?categoryCategoryId=50001990&categoryChildCategoryId=50001990&categoryDemo=A00&categoryMidCategoryId=50000211&categoryRootCategoryId=50000003&period=P1D,50000003,50000211.0,50001990.0,디지털/가전,이미용가전,헤어롤/롤셋,2022-02-03 15:54:10,2022-02-03 15:54:10,Y
https://search.shopping.naver.com/best/category/purchase?categoryCategoryId=50001991&categoryChildCategoryId=50001991&categoryDemo=A00&categoryMidCategoryId=50000211&categoryRootCategoryId=50000003&period=P1D,50000003,50000211.0,50001991.0,디지털/가전,이미용가전,코털제거기,2022-02-03 15:54:10,2022-02-03 15:54:10,Y
https://search.shopping.naver.com/best/category/purchase?categoryCategoryId=50001992&categoryChildCategoryId=50001992&categoryDemo=A00&categoryMidCategoryId=50000211&categoryRootCategoryId=50000003&period=P1D,50000003,50000211.0,50001992.0,디지털/가전,이미용가전,눈썹정리기,2022-02-03 15:54:10,2022-02-03 15:54:10,Y
https://search.shopping.naver.com/best/category/purchase?categoryCategoryId=50001993&categoryChildCategoryId=50001993&categoryDemo=A00&categoryMidCategoryId=50000211&categoryRootCategoryId=50000003&period=P1D,50000003,50000211.0,50001993.0,디지털/가전,이미용가전,손발톱정리기,2022-02-03 15:54:10,2022-02-03 15:54:10,Y
https://search.shopping.naver.com/best/category/purchase?categoryCategoryId=50001994&categoryChildCategoryId=50001994&categoryDemo=A00&categoryMidCategoryId=50000211&categoryRootCategoryId=50000003&period=P1D,50000003,50000211.0,50001994.0,디지털/가전,이미용가전,두피케어기기,2022-02-03 15:54:10,2022-02-03 15:54:10,Y
https://search.shopping.naver.com/best/category/purchase?categoryCategoryId=50001995&categoryChildCategoryId=50001995&categoryDemo=A00&categoryMidCategoryId=50000211&categoryRootCategoryId=50000003&period=P1D,50000003,50000211.0,50001995.0,디지털/가전,이미용가전,피부케어기기,2022-02-03 15:54:10,2022-02-03 15:54:10,Y
https://search.shopping.naver.com/best/category/purchase?categoryCategoryId=50001996&categoryChildCategoryId=50001996&categoryDemo=A00&categoryMidCategoryId=50000211&categoryRootCategoryId=50000003&period=P1D,50000003,50000211.0,50001996.0,디지털/가전,이미용가전,제모기,2022-02-03 15:54:10,2022-02-03 15:54:10,Y
https://search.shopping.naver.com/best/category/purchase?categoryCategoryId=50001997&categoryChildCategoryId=50001997&categoryDemo=A00&categoryMidCategoryId=50000211&categoryRootCategoryId=50000003&period=P1D,50000003,50000211.0,50001997.0,디지털/가전,이미용가전,이발기,2022-02-03 15:54:10,2022-02-03 15:54:10,Y
https://search.shopping.naver.com/best/category/purchase?categoryCategoryId=50000212&categoryChildCategoryId=&categoryDemo=A00&categoryMidCategoryId=50000212&categoryRootCategoryId=50000003&period=P1D,50000003,50000212.0,,디지털/가전,계절가전,,2022-02-03 15:54:10,2022-02-03 15:54:10,Y
https://search.shopping.naver.com/best/category/purchase?categoryCategoryId=50001420&categoryChildCategoryId=50001420&categoryDemo=A00&categoryMidCategoryId=50000212&categoryRootCategoryId=50000003&period=P1D,50000003,50000212.0,50001420.0,디지털/가전,계절가전,선풍기,2022-02-03 15:54:10,2022-02-03 15:54:10,Y
https://search.shopping.naver.com/best/category/purchase?categoryCategoryId=50001421&categoryChildCategoryId=50001421&categoryDemo=A00&categoryMidCategoryId=50000212&categoryRootCategoryId=50000003&period=P1D,50000003,50000212.0,50001421.0,디지털/가전,계절가전,에어컨,2022-02-03 15:54:10,2022-02-03 15:54:10,Y
https://search.shopping.naver.com/best/category/purchase?categoryCategoryId=50001422&categoryChildCategoryId=50001422&categoryDemo=A00&categoryMidCategoryId=50000212&categoryRootCategoryId=50000003&period=P1D,50000003,50000212.0,50001422.0,디지털/가전,계절가전,온풍기,2022-02-03 15:54:10,2022-02-03 15:54:10,Y
https://search.shopping.naver.com/best/category/purchase?categoryCategoryId=50001423&categoryChildCategoryId=50001423&categoryDemo=A00&categoryMidCategoryId=50000212&categoryRootCategoryId=50000003&period=P1D,50000003,50000212.0,50001423.0,디지털/가전,계절가전,온수기,2022-02-03 15:54:10,2022-02-03 15:54:10,Y
https://search.shopping.naver.com/best/category/purchase?categoryCategoryId=50001424&categoryChildCategoryId=50001424&categoryDemo=A00&categoryMidCategoryId=50000212&categoryRootCategoryId=50000003&period=P1D,50000003,50000212.0,50001424.0,디지털/가전,계절가전,보일러,2022-02-03 15:54:10,2022-02-03 15:54:10,Y
https://search.shopping.naver.com/best/category/purchase?categoryCategoryId=50001425&categoryChildCategoryId=50001425&categoryDemo=A00&categoryMidCategoryId=50000212&categoryRootCategoryId=50000003&period=P1D,50000003,50000212.0,50001425.0,디지털/가전,계절가전,가습기,2022-02-03 15:54:10,2022-02-03 15:54:10,Y
https://search.shopping.naver.com/best/category/purchase?categoryCategoryId=50001426&categoryChildCategoryId=50001426&categoryDemo=A00&categoryMidCategoryId=50000212&categoryRootCategoryId=50000003&period=P1D,50000003,50000212.0,50001426.0,디지털/가전,계절가전,공기정화기,2022-02-03 15:54:10,2022-02-03 15:54:10,Y
https://search.shopping.naver.com/best/category/purchase?categoryCategoryId=50001427&categoryChildCategoryId=50001427&categoryDemo=A00&categoryMidCategoryId=50000212&categoryRootCategoryId=50000003&period=P1D,50000003,50000212.0,50001427.0,디지털/가전,계절가전,제습기,2022-02-03 15:54:10,2022-02-03 15:54:10,Y
https://search.shopping.naver.com/best/category/purchase?categoryCategoryId=50001428&categoryChildCategoryId=50001428&categoryDemo=A00&categoryMidCategoryId=50000212&categoryRootCategoryId=50000003&period=P1D,50000003,50000212.0,50001428.0,디지털/가전,계절가전,전기매트/장판,2022-02-03 15:54:10,2022-02-03 15:54:10,Y
https://search.shopping.naver.com/best/category/purchase?categoryCategoryId=50001429&categoryChildCategoryId=50001429&categoryDemo=A00&categoryMidCategoryId=50000212&categoryRootCategoryId=50000003&period=P1D,50000003,50000212.0,50001429.0,디지털/가전,계절가전,전기요/담요/방석,2022-02-03 15:54:10,2022-02-03 15:54:10,Y
https://search.shopping.naver.com/best/category/purchase?categoryCategoryId=50001851&categoryChildCategoryId=50001851&categoryDemo=A00&categoryMidCategoryId=50000212&categoryRootCategoryId=50000003&period=P1D,50000003,50000212.0,50001851.0,디지털/가전,계절가전,냉온풍기,2022-02-03 15:54:10,2022-02-03 15:54:10,Y
https://search.shopping.naver.com/best/category/purchase?categoryCategoryId=50001853&categoryChildCategoryId=50001853&categoryDemo=A00&categoryMidCategoryId=50000212&categoryRootCategoryId=50000003&period=P1D,50000003,50000212.0,50001853.0,디지털/가전,계절가전,라디에이터,2022-02-03 15:54:10,2022-02-03 15:54:10,Y
https://search.shopping.naver.com/best/category/purchase?categoryCategoryId=50006834&categoryChildCategoryId=50006834&categoryDemo=A00&categoryMidCategoryId=50000212&categoryRootCategoryId=50000003&period=P1D,50000003,50000212.0,50006834.0,디지털/가전,계절가전,에어컨주변기기,2022-02-03 15:54:10,2022-02-03 15:54:10,Y
https://search.shopping.naver.com/best/category/purchase?categoryCategoryId=50009120&categoryChildCategoryId=50009120&categoryDemo=A00&categoryMidCategoryId=50000212&categoryRootCategoryId=50000003&period=P1D,50000003,50000212.0,50009120.0,디지털/가전,계절가전,온수매트,2022-02-03 15:54:10,2022-02-03 15:54:10,Y
https://search.shopping.naver.com/best/category/purchase?categoryCategoryId=50009180&categoryChildCategoryId=50009180&categoryDemo=A00&categoryMidCategoryId=50000212&categoryRootCategoryId=50000003&period=P1D,50000003,50000212.0,50009180.0,디지털/가전,계절가전,히터,2022-02-03 15:54:10,2022-02-03 15:54:10,Y
https://search.shopping.naver.com/best/category/purchase?categoryCategoryId=50000213&categoryChildCategoryId=&categoryDemo=A00&categoryMidCategoryId=50000213&categoryRootCategoryId=50000003&period=P1D,50000003,50000213.0,,디지털/가전,주방가전,,2022-02-03 15:54:10,2022-02-03 15:54:10,Y
https://search.shopping.naver.com/best/category/purchase?categoryCategoryId=50001181&categoryChildCategoryId=50001181&categoryDemo=A00&categoryMidCategoryId=50000213&categoryRootCategoryId=50000003&period=P1D,50000003,50000213.0,50001181.0,디지털/가전,주방가전,오븐,2022-02-03 15:54:10,2022-02-03 15:54:10,Y
https://search.shopping.naver.com/best/category/purchase?categoryCategoryId=50001182&categoryChildCategoryId=50001182&categoryDemo=A00&categoryMidCategoryId=50000213&categoryRootCategoryId=50000003&period=P1D,50000003,50000213.0,50001182.0,디지털/가전,주방가전,식기세척/건조기,2022-02-03 15:54:10,2022-02-03 15:54:10,Y
https://search.shopping.naver.com/best/category/purchase?categoryCategoryId=50001183&categoryChildCategoryId=50001183&categoryDemo=A00&categoryMidCategoryId=50000213&categoryRootCategoryId=50000003&period=P1D,50000003,50000213.0,50001183.0,디지털/가전,주방가전,전기포트,2022-02-03 15:54:10,2022-02-03 15:54:10,Y
https://search.shopping.naver.com/best/category/purchase?categoryCategoryId=50001184&categoryChildCategoryId=50001184&categoryDemo=A00&categoryMidCategoryId=50000213&categoryRootCategoryId=50000003&period=P1D,50000003,50000213.0,50001184.0,디지털/가전,주방가전,정수기,2022-02-03 15:54:10,2022-02-03 15:54:10,Y
https://search.shopping.naver.com/best/category/purchase?categoryCategoryId=50001185&categoryChildCategoryId=50001185&categoryDemo=A00&categoryMidCategoryId=50000213&categoryRootCategoryId=50000003&period=P1D,50000003,50000213.0,50001185.0,디지털/가전,주방가전,커피머신,2022-02-03 15:54:10,2022-02-03 15:54:10,Y
https://search.shopping.naver.com/best/category/purchase?categoryCategoryId=50001186&categoryChildCategoryId=50001186&categoryDemo=A00&categoryMidCategoryId=50000213&categoryRootCategoryId=50000003&period=P1D,50000003,50000213.0,50001186.0,디지털/가전,주방가전,토스터기,2022-02-03 15:54:10,2022-02-03 15:54:10,Y
https://search.shopping.naver.com/best/category/purchase?categoryCategoryId=50001187&categoryChildCategoryId=50001187&categoryDemo=A00&categoryMidCategoryId=50000213&categoryRootCategoryId=50000003&period=P1D,50000003,50000213.0,50001187.0,디지털/가전,주방가전,전기쿠커,2022-02-03 15:54:10,2022-02-03 15:54:10,Y
https://search.shopping.naver.com/best/category/purchase?categoryCategoryId=50001305&categoryChildCategoryId=50001305&categoryDemo=A00&categoryMidCategoryId=50000213&categoryRootCategoryId=50000003&period=P1D,50000003,50000213.0,50001305.0,디지털/가전,주방가전,가스레인지,2022-02-03 15:54:10,2022-02-03 15:54:10,Y
https://search.shopping.naver.com/best/category/purchase?categoryCategoryId=50001306&categoryChildCategoryId=50001306&categoryDemo=A00&categoryMidCategoryId=50000213&categoryRootCategoryId=50000003&period=P1D,50000003,50000213.0,50001306.0,디지털/가전,주방가전,전기밥솥,2022-02-03 15:54:10,2022-02-03 15:54:10,Y
https://search.shopping.naver.com/best/category/purchase?categoryCategoryId=50001430&categoryChildCategoryId=50001430&categoryDemo=A00&categoryMidCategoryId=50000213&categoryRootCategoryId=50000003&period=P1D,50000003,50000213.0,50001430.0,디지털/가전,주방가전,냉장고,2022-02-03 15:54:10,2022-02-03 15:54:10,Y
https://search.shopping.naver.com/best/category/purchase?categoryCategoryId=50001431&categoryChildCategoryId=50001431&categoryDemo=A00&categoryMidCategoryId=50000213&categoryRootCategoryId=50000003&period=P1D,50000003,50000213.0,50001431.0,디지털/가전,주방가전,김치냉장고,2022-02-03 15:54:10,2022-02-03 15:54:10,Y
https://search.shopping.naver.com/best/category/purchase?categoryCategoryId=50001706&categoryChildCategoryId=50001706&categoryDemo=A00&categoryMidCategoryId=50000213&categoryRootCategoryId=50000003&period=P1D,50000003,50000213.0,50001706.0,디지털/가전,주방가전,전용냉장고,2022-02-03 15:54:10,2022-02-03 15:54:10,Y
https://search.shopping.naver.com/best/category/purchase?categoryCategoryId=50001707&categoryChildCategoryId=50001707&categoryDemo=A00&categoryMidCategoryId=50000213&categoryRootCategoryId=50000003&period=P1D,50000003,50000213.0,50001707.0,디지털/가전,주방가전,음식물처리기,2022-02-03 15:54:10,2022-02-03 15:54:10,Y
https://search.shopping.naver.com/best/category/purchase?categoryCategoryId=50001708&categoryChildCategoryId=50001708&categoryDemo=A00&categoryMidCategoryId=50000213&categoryRootCategoryId=50000003&period=P1D,50000003,50000213.0,50001708.0,디지털/가전,주방가전,커피메이커,2022-02-03 15:54:10,2022-02-03 15:54:10,Y
https://search.shopping.naver.com/best/category/purchase?categoryCategoryId=50001710&categoryChildCategoryId=50001710&categoryDemo=A00&categoryMidCategoryId=50000213&categoryRootCategoryId=50000003&period=P1D,50000003,50000213.0,50001710.0,디지털/가전,주방가전,제빵기,2022-02-03 15:54:10,2022-02-03 15:54:10,Y
https://search.shopping.naver.com/best/category/purchase?categoryCategoryId=50001711&categoryChildCategoryId=50001711&categoryDemo=A00&categoryMidCategoryId=50000213&categoryRootCategoryId=50000003&period=P1D,50000003,50000213.0,50001711.0,디지털/가전,주방가전,거품/반죽기,2022-02-03 15:54:10,2022-02-03 15:54:10,Y
https://search.shopping.naver.com/best/category/purchase?categoryCategoryId=50001712&categoryChildCategoryId=50001712&categoryDemo=A00&categoryMidCategoryId=50000213&categoryRootCategoryId=50000003&period=P1D,50000003,50000213.0,50001712.0,디지털/가전,주방가전,전기그릴,2022-02-03 15:54:10,2022-02-03 15:54:10,Y
https://search.shopping.naver.com/best/category/purchase?categoryCategoryId=50001713&categoryChildCategoryId=50001713&categoryDemo=A00&categoryMidCategoryId=50000213&categoryRootCategoryId=50000003&period=P1D,50000003,50000213.0,50001713.0,디지털/가전,주방가전,생선그릴,2022-02-03 15:54:10,2022-02-03 15:54:10,Y
https://search.shopping.naver.com/best/category/purchase?categoryCategoryId=50001714&categoryChildCategoryId=50001714&categoryDemo=A00&categoryMidCategoryId=50000213&categoryRootCategoryId=50000003&period=P1D,50000003,50000213.0,50001714.0,디지털/가전,주방가전,전기팬,2022-02-03 15:54:10,2022-02-03 15:54:10,Y
https://search.shopping.naver.com/best/category/purchase?categoryCategoryId=50001715&categoryChildCategoryId=50001715&categoryDemo=A00&categoryMidCategoryId=50000213&categoryRootCategoryId=50000003&period=P1D,50000003,50000213.0,50001715.0,디지털/가전,주방가전,튀김기,2022-02-03 15:54:10,2022-02-03 15:54:10,Y
https://search.shopping.naver.com/best/category/purchase?categoryCategoryId=50001716&categoryChildCategoryId=50001716&categoryDemo=A00&categoryMidCategoryId=50000213&categoryRootCategoryId=50000003&period=P1D,50000003,50000213.0,50001716.0,디지털/가전,주방가전,핸드블렌더,2022-02-03 15:54:10,2022-02-03 15:54:10,Y
https://search.shopping.naver.com/best/category/purchase?categoryCategoryId=50001718&categoryChildCategoryId=50001718&categoryDemo=A00&categoryMidCategoryId=50000213&categoryRootCategoryId=50000003&period=P1D,50000003,50000213.0,50001718.0,디지털/가전,주방가전,식품건조기,2022-02-03 15:54:10,2022-02-03 15:54:10,Y
https://search.shopping.naver.com/best/category/purchase?categoryCategoryId=50001719&categoryChildCategoryId=50001719&categoryDemo=A00&categoryMidCategoryId=50000213&categoryRootCategoryId=50000003&period=P1D,50000003,50000213.0,50001719.0,디지털/가전,주방가전,두부두유제조기,2022-02-03 15:54:10,2022-02-03 15:54:10,Y
https://search.shopping.naver.com/best/category/purchase?categoryCategoryId=50001720&categoryChildCategoryId=50001720&categoryDemo=A00&categoryMidCategoryId=50000213&categoryRootCategoryId=50000003&period=P1D,50000003,50000213.0,50001720.0,디지털/가전,주방가전,요구르트제조기,2022-02-03 15:54:10,2022-02-03 15:54:10,Y
https://search.shopping.naver.com/best/category/purchase?categoryCategoryId=50001721&categoryChildCategoryId=50001721&categoryDemo=A00&categoryMidCategoryId=50000213&categoryRootCategoryId=50000003&period=P1D,50000003,50000213.0,50001721.0,디지털/가전,주방가전,아이스크림제조기,2022-02-03 15:54:10,2022-02-03 15:54:10,Y
https://search.shopping.naver.com/best/category/purchase?categoryCategoryId=50001723&categoryChildCategoryId=50001723&categoryDemo=A00&categoryMidCategoryId=50000213&categoryRootCategoryId=50000003&period=P1D,50000003,50000213.0,50001723.0,디지털/가전,주방가전,샌드위치제조기,2022-02-03 15:54:10,2022-02-03 15:54:10,Y
https://search.shopping.naver.com/best/category/purchase?categoryCategoryId=50001724&categoryChildCategoryId=50001724&categoryDemo=A00&categoryMidCategoryId=50000213&categoryRootCategoryId=50000003&period=P1D,50000003,50000213.0,50001724.0,디지털/가전,주방가전,와플제조기,2022-02-03 15:54:10,2022-02-03 15:54:10,Y
https://search.shopping.naver.com/best/category/purchase?categoryCategoryId=50001726&categoryChildCategoryId=50001726&categoryDemo=A00&categoryMidCategoryId=50000213&categoryRootCategoryId=50000003&period=P1D,50000003,50000213.0,50001726.0,디지털/가전,주방가전,기타주방가전,2022-02-03 15:54:10,2022-02-03 15:54:10,Y
https://search.shopping.naver.com/best/category/purchase?categoryCategoryId=50001854&categoryChildCategoryId=50001854&categoryDemo=A00&categoryMidCategoryId=50000213&categoryRootCategoryId=50000003&period=P1D,50000003,50000213.0,50001854.0,디지털/가전,주방가전,냉동고,2022-02-03 15:54:10,2022-02-03 15:54:10,Y
https://search.shopping.naver.com/best/category/purchase?categoryCategoryId=50001855&categoryChildCategoryId=50001855&categoryDemo=A00&categoryMidCategoryId=50000213&categoryRootCategoryId=50000003&period=P1D,50000003,50000213.0,50001855.0,디지털/가전,주방가전,가스레인지후드,2022-02-03 15:54:10,2022-02-03 15:54:10,Y
https://search.shopping.naver.com/best/category/purchase?categoryCategoryId=50001856&categoryChildCategoryId=50001856&categoryDemo=A00&categoryMidCategoryId=50000213&categoryRootCategoryId=50000003&period=P1D,50000003,50000213.0,50001856.0,디지털/가전,주방가전,전자레인지,2022-02-03 15:54:10,2022-02-03 15:54:10,Y
https://search.shopping.naver.com/best/category/purchase?categoryCategoryId=50001857&categoryChildCategoryId=50001857&categoryDemo=A00&categoryMidCategoryId=50000213&categoryRootCategoryId=50000003&period=P1D,50000003,50000213.0,50001857.0,디지털/가전,주방가전,인덕션,2022-02-03 15:54:10,2022-02-03 15:54:10,Y
https://search.shopping.naver.com/best/category/purchase?categoryCategoryId=50001860&categoryChildCategoryId=50001860&categoryDemo=A00&categoryMidCategoryId=50000213&categoryRootCategoryId=50000003&period=P1D,50000003,50000213.0,50001860.0,디지털/가전,주방가전,쥬서기/녹즙기,2022-02-03 15:54:10,2022-02-03 15:54:10,Y
https://search.shopping.naver.com/best/category/purchase?categoryCategoryId=50001861&categoryChildCategoryId=50001861&categoryDemo=A00&categoryMidCategoryId=50000213&categoryRootCategoryId=50000003&period=P1D,50000003,50000213.0,50001861.0,디지털/가전,주방가전,믹서기,2022-02-03 15:54:10,2022-02-03 15:54:10,Y
https://search.shopping.naver.com/best/category/purchase?categoryCategoryId=50001862&categoryChildCategoryId=50001862&categoryDemo=A00&categoryMidCategoryId=50000213&categoryRootCategoryId=50000003&period=P1D,50000003,50000213.0,50001862.0,디지털/가전,주방가전,빙수기,2022-02-03 15:54:10,2022-02-03 15:54:10,Y
https://search.shopping.naver.com/best/category/purchase?categoryCategoryId=50001863&categoryChildCategoryId=50001863&categoryDemo=A00&categoryMidCategoryId=50000213&categoryRootCategoryId=50000003&period=P1D,50000003,50000213.0,50001863.0,디지털/가전,주방가전,분쇄기,2022-02-03 15:54:10,2022-02-03 15:54:10,Y
https://search.shopping.naver.com/best/category/purchase?categoryCategoryId=50007072&categoryChildCategoryId=50007072&categoryDemo=A00&categoryMidCategoryId=50000213&categoryRootCategoryId=50000003&period=P1D,50000003,50000213.0,50007072.0,디지털/가전,주방가전,에어프라이어,2022-02-03 15:54:10,2022-02-03 15:54:10,Y
https://search.shopping.naver.com/best/category/purchase?categoryCategoryId=50007234&categoryChildCategoryId=50007234&categoryDemo=A00&categoryMidCategoryId=50000213&categoryRootCategoryId=50000003&period=P1D,50000003,50000213.0,50007234.0,디지털/가전,주방가전,기타주방가전부속품,2022-02-03 15:54:10,2022-02-03 15:54:10,Y
https://search.shopping.naver.com/best/category/purchase?categoryCategoryId=50000214&categoryChildCategoryId=&categoryDemo=A00&categoryMidCategoryId=50000214&categoryRootCategoryId=50000003&period=P1D,50000003,50000214.0,,디지털/가전,자동차기기,,2022-02-03 15:54:10,2022-02-03 15:54:10,Y
https://search.shopping.naver.com/best/category/purchase?categoryCategoryId=50001188&categoryChildCategoryId=50001188&categoryDemo=A00&categoryMidCategoryId=50000214&categoryRootCategoryId=50000003&period=P1D,50000003,50000214.0,50001188.0,디지털/가전,자동차기기,블랙박스/액세서리,2022-02-03 15:54:10,2022-02-03 15:54:10,Y
https://search.shopping.naver.com/best/category/purchase?categoryCategoryId=50001189&categoryChildCategoryId=50001189&categoryDemo=A00&categoryMidCategoryId=50000214&categoryRootCategoryId=50000003&period=P1D,50000003,50000214.0,50001189.0,디지털/가전,자동차기기,내비게이션/액세서리,2022-02-03 15:54:10,2022-02-03 15:54:10,Y
https://search.shopping.naver.com/best/category/purchase?categoryCategoryId=50001190&categoryChildCategoryId=50001190&categoryDemo=A00&categoryMidCategoryId=50000214&categoryRootCategoryId=50000003&period=P1D,50000003,50000214.0,50001190.0,디지털/가전,자동차기기,하이패스/GPS,2022-02-03 15:54:10,2022-02-03 15:54:10,Y
https://search.shopping.naver.com/best/category/purchase?categoryCategoryId=50001191&categoryChildCategoryId=50001191&categoryDemo=A00&categoryMidCategoryId=50000214&categoryRootCategoryId=50000003&period=P1D,50000003,50000214.0,50001191.0,디지털/가전,자동차기기,전방/후방카메라,2022-02-03 15:54:10,2022-02-03 15:54:10,Y
https://search.shopping.naver.com/best/category/purchase?categoryCategoryId=50001192&categoryChildCategoryId=50001192&categoryDemo=A00&categoryMidCategoryId=50000214&categoryRootCategoryId=50000003&period=P1D,50000003,50000214.0,50001192.0,디지털/가전,자동차기기,자동차TV/모니터,2022-02-03 15:54:10,2022-02-03 15:54:10,Y
https://search.shopping.naver.com/best/category/purchase?categoryCategoryId=50001193&categoryChildCategoryId=50001193&categoryDemo=A00&categoryMidCategoryId=50000214&categoryRootCategoryId=50000003&period=P1D,50000003,50000214.0,50001193.0,디지털/가전,자동차기기,카오디오음향기기,2022-02-03 15:54:10,2022-02-03 15:54:10,Y
https://search.shopping.naver.com/best/category/purchase?categoryCategoryId=50001194&categoryChildCategoryId=50001194&categoryDemo=A00&categoryMidCategoryId=50000214&categoryRootCategoryId=50000003&period=P1D,50000003,50000214.0,50001194.0,디지털/가전,자동차기기,카팩,2022-02-03 15:54:10,2022-02-03 15:54:10,Y
https://search.shopping.naver.com/best/category/purchase?categoryCategoryId=50001195&categoryChildCategoryId=50001195&categoryDemo=A00&categoryMidCategoryId=50000214&categoryRootCategoryId=50000003&period=P1D,50000003,50000214.0,50001195.0,디지털/가전,자동차기기,헤드유닛,2022-02-03 15:54:10,2022-02-03 15:54:10,Y
https://search.shopping.naver.com/best/category/purchase?categoryCategoryId=50001196&categoryChildCategoryId=50001196&categoryDemo=A00&categoryMidCategoryId=50000214&categoryRootCategoryId=50000003&period=P1D,50000003,50000214.0,50001196.0,디지털/가전,자동차기기,방음/방진용품,2022-02-03 15:54:10,2022-02-03 15:54:10,Y
https://search.shopping.naver.com/best/category/purchase?categoryCategoryId=50001197&categoryChildCategoryId=50001197&categoryDemo=A00&categoryMidCategoryId=50000214&categoryRootCategoryId=50000003&period=P1D,50000003,50000214.0,50001197.0,디지털/가전,자동차기기,자동차AV용품,2022-02-03 15:54:10,2022-02-03 15:54:10,Y
https://search.shopping.naver.com/best/category/purchase?categoryCategoryId=50001727&categoryChildCategoryId=50001727&categoryDemo=A00&categoryMidCategoryId=50000214&categoryRootCategoryId=50000003&period=P1D,50000003,50000214.0,50001727.0,디지털/가전,자동차기기,핸즈프리,2022-02-03 15:54:10,2022-02-03 15:54:10,Y
https://search.shopping.naver.com/best/category/purchase?categoryCategoryId=50000004&categoryDemo=A00&categoryRootCategoryId=50000004&period=P1D,50000004,,,가구/인테리어,,,2022-02-03 15:54:10,2022-02-03 15:54:10,Y
https://search.shopping.naver.com/best/category/purchase?categoryCategoryId=50000100&categoryChildCategoryId=&categoryDemo=A00&categoryMidCategoryId=50000100&categoryRootCategoryId=50000004&period=P1D,50000004,50000100.0,,가구/인테리어,침실가구,,2022-02-03 15:54:10,2022-02-03 15:54:10,Y
https://search.shopping.naver.com/best/category/purchase?categoryCategoryId=50001228&categoryChildCategoryId=50001228&categoryDemo=A00&categoryMidCategoryId=50000100&categoryRootCategoryId=50000004&period=P1D,50000004,50000100.0,50001228.0,가구/인테리어,침실가구,침대,2022-02-03 15:54:10,2022-02-03 15:54:10,Y
https://search.shopping.naver.com/best/category/purchase?categoryCategoryId=50001229&categoryChildCategoryId=50001229&categoryDemo=A00&categoryMidCategoryId=50000100&categoryRootCategoryId=50000004&period=P1D,50000004,50000100.0,50001229.0,가구/인테리어,침실가구,매트리스,2022-02-03 15:54:10,2022-02-03 15:54:10,Y
https://search.shopping.naver.com/best/category/purchase?categoryCategoryId=50001230&categoryChildCategoryId=50001230&categoryDemo=A00&categoryMidCategoryId=50000100&categoryRootCategoryId=50000004&period=P1D,50000004,50000100.0,50001230.0,가구/인테리어,침실가구,장롱/붙박이장,2022-02-03 15:54:10,2022-02-03 15:54:10,Y
https://search.shopping.naver.com/best/category/purchase?categoryCategoryId=50001231&categoryChildCategoryId=50001231&categoryDemo=A00&categoryMidCategoryId=50000100&categoryRootCategoryId=50000004&period=P1D,50000004,50000100.0,50001231.0,가구/인테리어,침실가구,화장대,2022-02-03 15:54:10,2022-02-03 15:54:10,Y
https://search.shopping.naver.com/best/category/purchase?categoryCategoryId=50001232&categoryChildCategoryId=50001232&categoryDemo=A00&categoryMidCategoryId=50000100&categoryRootCategoryId=50000004&period=P1D,50000004,50000100.0,50001232.0,가구/인테리어,침실가구,거울,2022-02-03 15:54:10,2022-02-03 15:54:10,Y
https://search.shopping.naver.com/best/category/purchase?categoryCategoryId=50001307&categoryChildCategoryId=50001307&categoryDemo=A00&categoryMidCategoryId=50000100&categoryRootCategoryId=50000004&period=P1D,50000004,50000100.0,50001307.0,가구/인테리어,침실가구,협탁,2022-02-03 15:54:10,2022-02-03 15:54:10,Y
https://search.shopping.naver.com/best/category/purchase?categoryCategoryId=50007189&categoryChildCategoryId=50007189&categoryDemo=A00&categoryMidCategoryId=50000100&categoryRootCategoryId=50000004&period=P1D,50000004,50000100.0,50007189.0,가구/인테리어,침실가구,서랍장,2022-02-03 15:54:10,2022-02-03 15:54:10,Y
https://search.shopping.naver.com/best/category/purchase?categoryCategoryId=50000101&categoryChildCategoryId=&categoryDemo=A00&categoryMidCategoryId=50000101&categoryRootCategoryId=50000004&period=P1D,50000004,50000101.0,,가구/인테리어,거실가구,,2022-02-03 15:54:10,2022-02-03 15:54:10,Y
https://search.shopping.naver.com/best/category/purchase?categoryCategoryId=50001234&categoryChildCategoryId=50001234&categoryDemo=A00&categoryMidCategoryId=50000101&categoryRootCategoryId=50000004&period=P1D,50000004,50000101.0,50001234.0,가구/인테리어,거실가구,소파,2022-02-03 15:54:10,2022-02-03 15:54:10,Y
https://search.shopping.naver.com/best/category/purchase?categoryCategoryId=50001235&categoryChildCategoryId=50001235&categoryDemo=A00&categoryMidCategoryId=50000101&categoryRootCategoryId=50000004&period=P1D,50000004,50000101.0,50001235.0,가구/인테리어,거실가구,테이블,2022-02-03 15:54:10,2022-02-03 15:54:10,Y
https://search.shopping.naver.com/best/category/purchase?categoryCategoryId=50001310&categoryChildCategoryId=50001310&categoryDemo=A00&categoryMidCategoryId=50000101&categoryRootCategoryId=50000004&period=P1D,50000004,50000101.0,50001310.0,가구/인테리어,거실가구,TV거실장,2022-02-03 15:54:10,2022-02-03 15:54:10,Y
https://search.shopping.naver.com/best/category/purchase?categoryCategoryId=50001311&categoryChildCategoryId=50001311&categoryDemo=A00&categoryMidCategoryId=50000101&categoryRootCategoryId=50000004&period=P1D,50000004,50000101.0,50001311.0,가구/인테리어,거실가구,장식장,2022-02-03 15:54:10,2022-02-03 15:54:10,Y
https://search.shopping.naver.com/best/category/purchase?categoryCategoryId=50000102&categoryChildCategoryId=&categoryDemo=A00&categoryMidCategoryId=50000102&categoryRootCategoryId=50000004&period=P1D,50000004,50000102.0,,가구/인테리어,주방가구,,2022-02-03 15:54:10,2022-02-03 15:54:10,Y
https://search.shopping.naver.com/best/category/purchase?categoryCategoryId=50001236&categoryChildCategoryId=50001236&categoryDemo=A00&categoryMidCategoryId=50000102&categoryRootCategoryId=50000004&period=P1D,50000004,50000102.0,50001236.0,가구/인테리어,주방가구,식탁/의자,2022-02-03 15:54:10,2022-02-03 15:54:10,Y
https://search.shopping.naver.com/best/category/purchase?categoryCategoryId=50001313&categoryChildCategoryId=50001313&categoryDemo=A00&categoryMidCategoryId=50000102&categoryRootCategoryId=50000004&period=P1D,50000004,50000102.0,50001313.0,가구/인테리어,주방가구,레인지대,2022-02-03 15:54:10,2022-02-03 15:54:10,Y
https://search.shopping.naver.com/best/category/purchase?categoryCategoryId=50001315&categoryChildCategoryId=50001315&categoryDemo=A00&categoryMidCategoryId=50000102&categoryRootCategoryId=50000004&period=P1D,50000004,50000102.0,50001315.0,가구/인테리어,주방가구,왜건/카트,2022-02-03 15:54:10,2022-02-03 15:54:10,Y
https://search.shopping.naver.com/best/category/purchase?categoryCategoryId=50001316&categoryChildCategoryId=50001316&categoryDemo=A00&categoryMidCategoryId=50000102&categoryRootCategoryId=50000004&period=P1D,50000004,50000102.0,50001316.0,가구/인테리어,주방가구,주방수납장,2022-02-03 15:54:10,2022-02-03 15:54:10,Y
https://search.shopping.naver.com/best/category/purchase?categoryCategoryId=50001317&categoryChildCategoryId=50001317&categoryDemo=A00&categoryMidCategoryId=50000102&categoryRootCategoryId=50000004&period=P1D,50000004,50000102.0,50001317.0,가구/인테리어,주방가구,그릇장/컵보드,2022-02-03 15:54:10,2022-02-03 15:54:10,Y
https://search.shopping.naver.com/best/category/purchase?categoryCategoryId=50001318&categoryChildCategoryId=50001318&categoryDemo=A00&categoryMidCategoryId=50000102&categoryRootCategoryId=50000004&period=P1D,50000004,50000102.0,50001318.0,가구/인테리어,주방가구,기타주방가구,2022-02-03 15:54:10,2022-02-03 15:54:10,Y
https://search.shopping.naver.com/best/category/purchase?categoryCategoryId=50000103&categoryChildCategoryId=&categoryDemo=A00&categoryMidCategoryId=50000103&categoryRootCategoryId=50000004&period=P1D,50000004,50000103.0,,가구/인테리어,수납가구,,2022-02-03 15:54:10,2022-02-03 15:54:10,Y
https://search.shopping.naver.com/best/category/purchase?categoryCategoryId=50001319&categoryChildCategoryId=50001319&categoryDemo=A00&categoryMidCategoryId=50000103&categoryRootCategoryId=50000004&period=P1D,50000004,50000103.0,50001319.0,가구/인테리어,수납가구,행거,2022-02-03 15:54:10,2022-02-03 15:54:10,Y
https://search.shopping.naver.com/best/category/purchase?categoryCategoryId=50001320&categoryChildCategoryId=50001320&categoryDemo=A00&categoryMidCategoryId=50000103&categoryRootCategoryId=50000004&period=P1D,50000004,50000103.0,50001320.0,가구/인테리어,수납가구,수납장,2022-02-03 15:54:10,2022-02-03 15:54:10,Y
https://search.shopping.naver.com/best/category/purchase?categoryCategoryId=50001321&categoryChildCategoryId=50001321&categoryDemo=A00&categoryMidCategoryId=50000103&categoryRootCategoryId=50000004&period=P1D,50000004,50000103.0,50001321.0,가구/인테리어,수납가구,선반,2022-02-03 15:54:10,2022-02-03 15:54:10,Y
https://search.shopping.naver.com/best/category/purchase?categoryCategoryId=50001322&categoryChildCategoryId=50001322&categoryDemo=A00&categoryMidCategoryId=50000103&categoryRootCategoryId=50000004&period=P1D,50000004,50000103.0,50001322.0,가구/인테리어,수납가구,공간박스,2022-02-03 15:54:10,2022-02-03 15:54:10,Y
https://search.shopping.naver.com/best/category/purchase?categoryCategoryId=50001326&categoryChildCategoryId=50001326&categoryDemo=A00&categoryMidCategoryId=50000103&categoryRootCategoryId=50000004&period=P1D,50000004,50000103.0,50001326.0,가구/인테리어,수납가구,신발장,2022-02-03 15:54:10,2022-02-03 15:54:10,Y
https://search.shopping.naver.com/best/category/purchase?categoryCategoryId=50000104&categoryChildCategoryId=&categoryDemo=A00&categoryMidCategoryId=50000104&categoryRootCategoryId=50000004&period=P1D,50000004,50000104.0,,가구/인테리어,아동/주니어가구,,2022-02-03 15:54:10,2022-02-03 15:54:10,Y
https://search.shopping.naver.com/best/category/purchase?categoryCategoryId=50001237&categoryChildCategoryId=50001237&categoryDemo=A00&categoryMidCategoryId=50000104&categoryRootCategoryId=50000004&period=P1D,50000004,50000104.0,50001237.0,가구/인테리어,아동/주니어가구,침대,2022-02-03 15:54:10,2022-02-03 15:54:10,Y
https://search.shopping.naver.com/best/category/purchase?categoryCategoryId=50001332&categoryChildCategoryId=50001332&categoryDemo=A00&categoryMidCategoryId=50000104&categoryRootCategoryId=50000004&period=P1D,50000004,50000104.0,50001332.0,가구/인테리어,아동/주니어가구,책상,2022-02-03 15:54:10,2022-02-03 15:54:10,Y
https://search.shopping.naver.com/best/category/purchase?categoryCategoryId=50001333&categoryChildCategoryId=50001333&categoryDemo=A00&categoryMidCategoryId=50000104&categoryRootCategoryId=50000004&period=P1D,50000004,50000104.0,50001333.0,가구/인테리어,아동/주니어가구,책상의자,2022-02-03 15:54:10,2022-02-03 15:54:10,Y
https://search.shopping.naver.com/best/category/purchase?categoryCategoryId=50001334&categoryChildCategoryId=50001334&categoryDemo=A00&categoryMidCategoryId=50000104&categoryRootCategoryId=50000004&period=P1D,50000004,50000104.0,50001334.0,가구/인테리어,아동/주니어가구,책상의자세트,2022-02-03 15:54:10,2022-02-03 15:54:10,Y
https://search.shopping.naver.com/best/category/purchase?categoryCategoryId=50001335&categoryChildCategoryId=50001335&categoryDemo=A00&categoryMidCategoryId=50000104&categoryRootCategoryId=50000004&period=P1D,50000004,50000104.0,50001335.0,가구/인테리어,아동/주니어가구,책장,2022-02-03 15:54:10,2022-02-03 15:54:10,Y
https://search.shopping.naver.com/best/category/purchase?categoryCategoryId=50001336&categoryChildCategoryId=50001336&categoryDemo=A00&categoryMidCategoryId=50000104&categoryRootCategoryId=50000004&period=P1D,50000004,50000104.0,50001336.0,가구/인테리어,아동/주니어가구,책꽂이,2022-02-03 15:54:10,2022-02-03 15:54:10,Y
https://search.shopping.naver.com/best/category/purchase?categoryCategoryId=50001337&categoryChildCategoryId=50001337&categoryDemo=A00&categoryMidCategoryId=50000104&categoryRootCategoryId=50000004&period=P1D,50000004,50000104.0,50001337.0,가구/인테리어,아동/주니어가구,옷장,2022-02-03 15:54:10,2022-02-03 15:54:10,Y
https://search.shopping.naver.com/best/category/purchase?categoryCategoryId=50001338&categoryChildCategoryId=50001338&categoryDemo=A00&categoryMidCategoryId=50000104&categoryRootCategoryId=50000004&period=P1D,50000004,50000104.0,50001338.0,가구/인테리어,아동/주니어가구,행거,2022-02-03 15:54:10,2022-02-03 15:54:10,Y
https://search.shopping.naver.com/best/category/purchase?categoryCategoryId=50001339&categoryChildCategoryId=50001339&categoryDemo=A00&categoryMidCategoryId=50000104&categoryRootCategoryId=50000004&period=P1D,50000004,50000104.0,50001339.0,가구/인테리어,아동/주니어가구,서랍장,2022-02-03 15:54:10,2022-02-03 15:54:10,Y
https://search.shopping.naver.com/best/category/purchase?categoryCategoryId=50001340&categoryChildCategoryId=50001340&categoryDemo=A00&categoryMidCategoryId=50000104&categoryRootCategoryId=50000004&period=P1D,50000004,50000104.0,50001340.0,가구/인테리어,아동/주니어가구,수납장,2022-02-03 15:54:10,2022-02-03 15:54:10,Y
https://search.shopping.naver.com/best/category/purchase?categoryCategoryId=50001341&categoryChildCategoryId=50001341&categoryDemo=A00&categoryMidCategoryId=50000104&categoryRootCategoryId=50000004&period=P1D,50000004,50000104.0,50001341.0,가구/인테리어,아동/주니어가구,의자,2022-02-03 15:54:10,2022-02-03 15:54:10,Y
https://search.shopping.naver.com/best/category/purchase?categoryCategoryId=50001342&categoryChildCategoryId=50001342&categoryDemo=A00&categoryMidCategoryId=50000104&categoryRootCategoryId=50000004&period=P1D,50000004,50000104.0,50001342.0,가구/인테리어,아동/주니어가구,소파,2022-02-03 15:54:10,2022-02-03 15:54:10,Y
https://search.shopping.naver.com/best/category/purchase?categoryCategoryId=50001344&categoryChildCategoryId=50001344&categoryDemo=A00&categoryMidCategoryId=50000104&categoryRootCategoryId=50000004&period=P1D,50000004,50000104.0,50001344.0,가구/인테리어,아동/주니어가구,소품가구,2022-02-03 15:54:10,2022-02-03 15:54:10,Y
https://search.shopping.naver.com/best/category/purchase?categoryCategoryId=50000105&categoryChildCategoryId=&categoryDemo=A00&categoryMidCategoryId=50000105&categoryRootCategoryId=50000004&period=P1D,50000004,50000105.0,,가구/인테리어,서재/사무용가구,,2022-02-03 15:54:10,2022-02-03 15:54:10,Y
https://search.shopping.naver.com/best/category/purchase?categoryCategoryId=50001238&categoryChildCategoryId=50001238&categoryDemo=A00&categoryMidCategoryId=50000105&categoryRootCategoryId=50000004&period=P1D,50000004,50000105.0,50001238.0,가구/인테리어,서재/사무용가구,책상,2022-02-03 15:54:10,2022-02-03 15:54:10,Y
https://search.shopping.naver.com/best/category/purchase?categoryCategoryId=50001239&categoryChildCategoryId=50001239&categoryDemo=A00&categoryMidCategoryId=50000105&categoryRootCategoryId=50000004&period=P1D,50000004,50000105.0,50001239.0,가구/인테리어,서재/사무용가구,의자,2022-02-03 15:54:10,2022-02-03 15:54:10,Y
https://search.shopping.naver.com/best/category/purchase?categoryCategoryId=50001240&categoryChildCategoryId=50001240&categoryDemo=A00&categoryMidCategoryId=50000105&categoryRootCategoryId=50000004&period=P1D,50000004,50000105.0,50001240.0,가구/인테리어,서재/사무용가구,사무/교구용가구,2022-02-03 15:54:10,2022-02-03 15:54:10,Y
https://search.shopping.naver.com/best/category/purchase?categoryCategoryId=50001346&categoryChildCategoryId=50001346&categoryDemo=A00&categoryMidCategoryId=50000105&categoryRootCategoryId=50000004&period=P1D,50000004,50000105.0,50001346.0,가구/인테리어,서재/사무용가구,책장,2022-02-03 15:54:10,2022-02-03 15:54:10,Y
https://search.shopping.naver.com/best/category/purchase?categoryCategoryId=50001347&categoryChildCategoryId=50001347&categoryDemo=A00&categoryMidCategoryId=50000105&categoryRootCategoryId=50000004&period=P1D,50000004,50000105.0,50001347.0,가구/인테리어,서재/사무용가구,책꽂이,2022-02-03 15:54:10,2022-02-03 15:54:10,Y
https://search.shopping.naver.com/best/category/purchase?categoryCategoryId=50000106&categoryChildCategoryId=&categoryDemo=A00&categoryMidCategoryId=50000106&categoryRootCategoryId=50000004&period=P1D,50000004,50000106.0,,가구/인테리어,아웃도어가구,,2022-02-03 15:54:10,2022-02-03 15:54:10,Y
https://search.shopping.naver.com/best/category/purchase?categoryCategoryId=50001054&categoryChildCategoryId=50001054&categoryDemo=A00&categoryMidCategoryId=50000106&categoryRootCategoryId=50000004&period=P1D,50000004,50000106.0,50001054.0,가구/인테리어,아웃도어가구,야외테이블,2022-02-03 15:54:10,2022-02-03 15:54:10,Y
https://search.shopping.naver.com/best/category/purchase?categoryCategoryId=50001055&categoryChildCategoryId=50001055&categoryDemo=A00&categoryMidCategoryId=50000106&categoryRootCategoryId=50000004&period=P1D,50000004,50000106.0,50001055.0,가구/인테리어,아웃도어가구,야외의자,2022-02-03 15:54:10,2022-02-03 15:54:10,Y
https://search.shopping.naver.com/best/category/purchase?categoryCategoryId=50001056&categoryChildCategoryId=50001056&categoryDemo=A00&categoryMidCategoryId=50000106&categoryRootCategoryId=50000004&period=P1D,50000004,50000106.0,50001056.0,가구/인테리어,아웃도어가구,정원그네,2022-02-03 15:54:10,2022-02-03 15:54:10,Y
https://search.shopping.naver.com/best/category/purchase?categoryCategoryId=50001057&categoryChildCategoryId=50001057&categoryDemo=A00&categoryMidCategoryId=50000106&categoryRootCategoryId=50000004&period=P1D,50000004,50000106.0,50001057.0,가구/인테리어,아웃도어가구,정자,2022-02-03 15:54:10,2022-02-03 15:54:10,Y
https://search.shopping.naver.com/best/category/purchase?categoryCategoryId=50001058&categoryChildCategoryId=50001058&categoryDemo=A00&categoryMidCategoryId=50000106&categoryRootCategoryId=50000004&period=P1D,50000004,50000106.0,50001058.0,가구/인테리어,아웃도어가구,야외벤치,2022-02-03 15:54:10,2022-02-03 15:54:10,Y
https://search.shopping.naver.com/best/category/purchase?categoryCategoryId=50001059&categoryChildCategoryId=50001059&categoryDemo=A00&categoryMidCategoryId=50000106&categoryRootCategoryId=50000004&period=P1D,50000004,50000106.0,50001059.0,가구/인테리어,아웃도어가구,기타아웃도어가구,2022-02-03 15:54:10,2022-02-03 15:54:10,Y
https://search.shopping.naver.com/best/category/purchase?categoryCategoryId=50000107&categoryChildCategoryId=&categoryDemo=A00&categoryMidCategoryId=50000107&categoryRootCategoryId=50000004&period=P1D,50000004,50000107.0,,가구/인테리어,DIY자재/용품,,2022-02-03 15:54:10,2022-02-03 15:54:10,Y
https://search.shopping.naver.com/best/category/purchase?categoryCategoryId=50001060&categoryChildCategoryId=50001060&categoryDemo=A00&categoryMidCategoryId=50000107&categoryRootCategoryId=50000004&period=P1D,50000004,50000107.0,50001060.0,가구/인테리어,DIY자재/용품,목재,2022-02-03 15:54:10,2022-02-03 15:54:10,Y
https://search.shopping.naver.com/best/category/purchase?categoryCategoryId=50001061&categoryChildCategoryId=50001061&categoryDemo=A00&categoryMidCategoryId=50000107&categoryRootCategoryId=50000004&period=P1D,50000004,50000107.0,50001061.0,가구/인테리어,DIY자재/용품,반제품,2022-02-03 15:54:10,2022-02-03 15:54:10,Y
https://search.shopping.naver.com/best/category/purchase?categoryCategoryId=50001062&categoryChildCategoryId=50001062&categoryDemo=A00&categoryMidCategoryId=50000107&categoryRootCategoryId=50000004&period=P1D,50000004,50000107.0,50001062.0,가구/인테리어,DIY자재/용품,손잡이,2022-02-03 15:54:10,2022-02-03 15:54:10,Y
https://search.shopping.naver.com/best/category/purchase?categoryCategoryId=50001063&categoryChildCategoryId=50001063&categoryDemo=A00&categoryMidCategoryId=50000107&categoryRootCategoryId=50000004&period=P1D,50000004,50000107.0,50001063.0,가구/인테리어,DIY자재/용품,파벽돌,2022-02-03 15:54:10,2022-02-03 15:54:10,Y
https://search.shopping.naver.com/best/category/purchase?categoryCategoryId=50001064&categoryChildCategoryId=50001064&categoryDemo=A00&categoryMidCategoryId=50000107&categoryRootCategoryId=50000004&period=P1D,50000004,50000107.0,50001064.0,가구/인테리어,DIY자재/용품,몰딩,2022-02-03 15:54:10,2022-02-03 15:54:10,Y
https://search.shopping.naver.com/best/category/purchase?categoryCategoryId=50001065&categoryChildCategoryId=50001065&categoryDemo=A00&categoryMidCategoryId=50000107&categoryRootCategoryId=50000004&period=P1D,50000004,50000107.0,50001065.0,가구/인테리어,DIY자재/용품,패널,2022-02-03 15:54:10,2022-02-03 15:54:10,Y
https://search.shopping.naver.com/best/category/purchase?categoryCategoryId=50001066&categoryChildCategoryId=50001066&categoryDemo=A00&categoryMidCategoryId=50000107&categoryRootCategoryId=50000004&period=P1D,50000004,50000107.0,50001066.0,가구/인테리어,DIY자재/용품,데코스티커,2022-02-03 15:54:10,2022-02-03 15:54:10,Y
https://search.shopping.naver.com/best/category/purchase?categoryCategoryId=50001067&categoryChildCategoryId=50001067&categoryDemo=A00&categoryMidCategoryId=50000107&categoryRootCategoryId=50000004&period=P1D,50000004,50000107.0,50001067.0,가구/인테리어,DIY자재/용품,접착제/보수용품,2022-02-03 15:54:10,2022-02-03 15:54:10,Y
https://search.shopping.naver.com/best/category/purchase?categoryCategoryId=50001113&categoryChildCategoryId=50001113&categoryDemo=A00&categoryMidCategoryId=50000107&categoryRootCategoryId=50000004&period=P1D,50000004,50000107.0,50001113.0,가구/인테리어,DIY자재/용품,가구부속품,2022-02-03 15:54:10,2022-02-03 15:54:10,Y
https://search.shopping.naver.com/best/category/purchase?categoryCategoryId=50001114&categoryChildCategoryId=50001114&categoryDemo=A00&categoryMidCategoryId=50000107&categoryRootCategoryId=50000004&period=P1D,50000004,50000107.0,50001114.0,가구/인테리어,DIY자재/용품,바닥재,2022-02-03 15:54:10,2022-02-03 15:54:10,Y
https://search.shopping.naver.com/best/category/purchase?categoryCategoryId=50001115&categoryChildCategoryId=50001115&categoryDemo=A00&categoryMidCategoryId=50000107&categoryRootCategoryId=50000004&period=P1D,50000004,50000107.0,50001115.0,가구/인테리어,DIY자재/용품,타일,2022-02-03 15:54:10,2022-02-03 15:54:10,Y
https://search.shopping.naver.com/best/category/purchase?categoryCategoryId=50001116&categoryChildCategoryId=50001116&categoryDemo=A00&categoryMidCategoryId=50000107&categoryRootCategoryId=50000004&period=P1D,50000004,50000107.0,50001116.0,가구/인테리어,DIY자재/용품,벽지,2022-02-03 15:54:10,2022-02-03 15:54:10,Y
https://search.shopping.naver.com/best/category/purchase?categoryCategoryId=50001117&categoryChildCategoryId=50001117&categoryDemo=A00&categoryMidCategoryId=50000107&categoryRootCategoryId=50000004&period=P1D,50000004,50000107.0,50001117.0,가구/인테리어,DIY자재/용품,시트지,2022-02-03 15:54:10,2022-02-03 15:54:10,Y
https://search.shopping.naver.com/best/category/purchase?categoryCategoryId=50008168&categoryChildCategoryId=50008168&categoryDemo=A00&categoryMidCategoryId=50000107&categoryRootCategoryId=50000004&period=P1D,50000004,50000107.0,50008168.0,가구/인테리어,DIY자재/용품,리모델링,2022-02-03 15:54:10,2022-02-03 15:54:10,Y
https://search.shopping.naver.com/best/category/purchase?categoryCategoryId=50000108&categoryChildCategoryId=&categoryDemo=A00&categoryMidCategoryId=50000108&categoryRootCategoryId=50000004&period=P1D,50000004,50000108.0,,가구/인테리어,인테리어소품,,2022-02-03 15:54:10,2022-02-03 15:54:10,Y
https://search.shopping.naver.com/best/category/purchase?categoryCategoryId=50000963&categoryChildCategoryId=50000963&categoryDemo=A00&categoryMidCategoryId=50000108&categoryRootCategoryId=50000004&period=P1D,50000004,50000108.0,50000963.0,가구/인테리어,인테리어소품,도어벨,2022-02-03 15:54:10,2022-02-03 15:54:10,Y
https://search.shopping.naver.com/best/category/purchase?categoryCategoryId=50000964&categoryChildCategoryId=50000964&categoryDemo=A00&categoryMidCategoryId=50000108&categoryRootCategoryId=50000004&period=P1D,50000004,50000108.0,50000964.0,가구/인테리어,인테리어소품,디자인문패,2022-02-03 15:54:10,2022-02-03 15:54:10,Y
https://search.shopping.naver.com/best/category/purchase?categoryCategoryId=50000965&categoryChildCategoryId=50000965&categoryDemo=A00&categoryMidCategoryId=50000108&categoryRootCategoryId=50000004&period=P1D,50000004,50000108.0,50000965.0,가구/인테리어,인테리어소품,냉장고자석,2022-02-03 15:54:10,2022-02-03 15:54:10,Y
https://search.shopping.naver.com/best/category/purchase?categoryCategoryId=50000967&categoryChildCategoryId=50000967&categoryDemo=A00&categoryMidCategoryId=50000108&categoryRootCategoryId=50000004&period=P1D,50000004,50000108.0,50000967.0,가구/인테리어,인테리어소품,전통공예소품,2022-02-03 15:54:10,2022-02-03 15:54:10,Y
https://search.shopping.naver.com/best/category/purchase?categoryCategoryId=50000968&categoryChildCategoryId=50000968&categoryDemo=A00&categoryMidCategoryId=50000108&categoryRootCategoryId=50000004&period=P1D,50000004,50000108.0,50000968.0,가구/인테리어,인테리어소품,기타장식용품,2022-02-03 15:54:10,2022-02-03 15:54:10,Y
https://search.shopping.naver.com/best/category/purchase?categoryCategoryId=50001069&categoryChildCategoryId=50001069&categoryDemo=A00&categoryMidCategoryId=50000108&categoryRootCategoryId=50000004&period=P1D,50000004,50000108.0,50001069.0,가구/인테리어,인테리어소품,장식인형,2022-02-03 15:54:10,2022-02-03 15:54:10,Y
https://search.shopping.naver.com/best/category/purchase?categoryCategoryId=50001070&categoryChildCategoryId=50001070&categoryDemo=A00&categoryMidCategoryId=50000108&categoryRootCategoryId=50000004&period=P1D,50000004,50000108.0,50001070.0,가구/인테리어,인테리어소품,장식미니어처,2022-02-03 15:54:10,2022-02-03 15:54:10,Y
https://search.shopping.naver.com/best/category/purchase?categoryCategoryId=50001071&categoryChildCategoryId=50001071&categoryDemo=A00&categoryMidCategoryId=50000108&categoryRootCategoryId=50000004&period=P1D,50000004,50000108.0,50001071.0,가구/인테리어,인테리어소품,화병,2022-02-03 15:54:10,2022-02-03 15:54:10,Y
https://search.shopping.naver.com/best/category/purchase?categoryCategoryId=50001072&categoryChildCategoryId=50001072&categoryDemo=A00&categoryMidCategoryId=50000108&categoryRootCategoryId=50000004&period=P1D,50000004,50000108.0,50001072.0,가구/인테리어,인테리어소품,인테리어파티션,2022-02-03 15:54:10,2022-02-03 15:54:10,Y
https://search.shopping.naver.com/best/category/purchase?categoryCategoryId=50001118&categoryChildCategoryId=50001118&categoryDemo=A00&categoryMidCategoryId=50000108&categoryRootCategoryId=50000004&period=P1D,50000004,50000108.0,50001118.0,가구/인테리어,인테리어소품,스탠드,2022-02-03 15:54:10,2022-02-03 15:54:10,Y
https://search.shopping.naver.com/best/category/purchase?categoryCategoryId=50001119&categoryChildCategoryId=50001119&categoryDemo=A00&categoryMidCategoryId=50000108&categoryRootCategoryId=50000004&period=P1D,50000004,50000108.0,50001119.0,가구/인테리어,인테리어소품,조명,2022-02-03 15:54:10,2022-02-03 15:54:10,Y
https://search.shopping.naver.com/best/category/purchase?categoryCategoryId=50001120&categoryChildCategoryId=50001120&categoryDemo=A00&categoryMidCategoryId=50000108&categoryRootCategoryId=50000004&period=P1D,50000004,50000108.0,50001120.0,가구/인테리어,인테리어소품,시계,2022-02-03 15:54:10,2022-02-03 15:54:10,Y
https://search.shopping.naver.com/best/category/purchase?categoryCategoryId=50001121&categoryChildCategoryId=50001121&categoryDemo=A00&categoryMidCategoryId=50000108&categoryRootCategoryId=50000004&period=P1D,50000004,50000108.0,50001121.0,가구/인테리어,인테리어소품,액자,2022-02-03 15:54:10,2022-02-03 15:54:10,Y
https://search.shopping.naver.com/best/category/purchase?categoryCategoryId=50001122&categoryChildCategoryId=50001122&categoryDemo=A00&categoryMidCategoryId=50000108&categoryRootCategoryId=50000004&period=P1D,50000004,50000108.0,50001122.0,가구/인테리어,인테리어소품,아로마/캔들용품,2022-02-03 15:54:10,2022-02-03 15:54:10,Y
https://search.shopping.naver.com/best/category/purchase?categoryCategoryId=50006309&categoryChildCategoryId=50006309&categoryDemo=A00&categoryMidCategoryId=50000108&categoryRootCategoryId=50000004&period=P1D,50000004,50000108.0,50006309.0,가구/인테리어,인테리어소품,미술작품,2022-02-03 15:54:10,2022-02-03 15:54:10,Y
https://search.shopping.naver.com/best/category/purchase?categoryCategoryId=50000109&categoryChildCategoryId=&categoryDemo=A00&categoryMidCategoryId=50000109&categoryRootCategoryId=50000004&period=P1D,50000004,50000109.0,,가구/인테리어,침구단품,,2022-02-03 15:54:10,2022-02-03 15:54:10,Y
https://search.shopping.naver.com/best/category/purchase?categoryCategoryId=50000969&categoryChildCategoryId=50000969&categoryDemo=A00&categoryMidCategoryId=50000109&categoryRootCategoryId=50000004&period=P1D,50000004,50000109.0,50000969.0,가구/인테리어,침구단품,스프레드,2022-02-03 15:54:10,2022-02-03 15:54:10,Y
https://search.shopping.naver.com/best/category/purchase?categoryCategoryId=50000970&categoryChildCategoryId=50000970&categoryDemo=A00&categoryMidCategoryId=50000109&categoryRootCategoryId=50000004&period=P1D,50000004,50000109.0,50000970.0,가구/인테리어,침구단품,차렵이불,2022-02-03 15:54:10,2022-02-03 15:54:10,Y
https://search.shopping.naver.com/best/category/purchase?categoryCategoryId=50000972&categoryChildCategoryId=50000972&categoryDemo=A00&categoryMidCategoryId=50000109&categoryRootCategoryId=50000004&period=P1D,50000004,50000109.0,50000972.0,가구/인테리어,침구단품,이불커버,2022-02-03 15:54:10,2022-02-03 15:54:10,Y
https://search.shopping.naver.com/best/category/purchase?categoryCategoryId=50000973&categoryChildCategoryId=50000973&categoryDemo=A00&categoryMidCategoryId=50000109&categoryRootCategoryId=50000004&period=P1D,50000004,50000109.0,50000973.0,가구/인테리어,침구단품,담요,2022-02-03 15:54:10,2022-02-03 15:54:10,Y
https://search.shopping.naver.com/best/category/purchase?categoryCategoryId=50000974&categoryChildCategoryId=50000974&categoryDemo=A00&categoryMidCategoryId=50000109&categoryRootCategoryId=50000004&period=P1D,50000004,50000109.0,50000974.0,가구/인테리어,침구단품,무릎담요,2022-02-03 15:54:10,2022-02-03 15:54:10,Y
https://search.shopping.naver.com/best/category/purchase?categoryCategoryId=50000975&categoryChildCategoryId=50000975&categoryDemo=A00&categoryMidCategoryId=50000109&categoryRootCategoryId=50000004&period=P1D,50000004,50000109.0,50000975.0,가구/인테리어,침구단품,전기매트커버,2022-02-03 15:54:10,2022-02-03 15:54:10,Y
https://search.shopping.naver.com/best/category/purchase?categoryCategoryId=50000976&categoryChildCategoryId=50000976&categoryDemo=A00&categoryMidCategoryId=50000109&categoryRootCategoryId=50000004&period=P1D,50000004,50000109.0,50000976.0,가구/인테리어,침구단품,기타침구단품,2022-02-03 15:54:10,2022-02-03 15:54:10,Y
https://search.shopping.naver.com/best/category/purchase?categoryCategoryId=50001123&categoryChildCategoryId=50001123&categoryDemo=A00&categoryMidCategoryId=50000109&categoryRootCategoryId=50000004&period=P1D,50000004,50000109.0,50001123.0,가구/인테리어,침구단품,매트/침대커버,2022-02-03 15:54:10,2022-02-03 15:54:10,Y
https://search.shopping.naver.com/best/category/purchase?categoryCategoryId=50001124&categoryChildCategoryId=50001124&categoryDemo=A00&categoryMidCategoryId=50000109&categoryRootCategoryId=50000004&period=P1D,50000004,50000109.0,50001124.0,가구/인테리어,침구단품,베개,2022-02-03 15:54:10,2022-02-03 15:54:10,Y
https://search.shopping.naver.com/best/category/purchase?categoryCategoryId=50001125&categoryChildCategoryId=50001125&categoryDemo=A00&categoryMidCategoryId=50000109&categoryRootCategoryId=50000004&period=P1D,50000004,50000109.0,50001125.0,가구/인테리어,침구단품,패드,2022-02-03 15:54:10,2022-02-03 15:54:10,Y
https://search.shopping.naver.com/best/category/purchase?categoryCategoryId=50001126&categoryChildCategoryId=50001126&categoryDemo=A00&categoryMidCategoryId=50000109&categoryRootCategoryId=50000004&period=P1D,50000004,50000109.0,50001126.0,가구/인테리어,침구단품,요,2022-02-03 15:54:10,2022-02-03 15:54:10,Y
https://search.shopping.naver.com/best/category/purchase?categoryCategoryId=50007048&categoryChildCategoryId=50007048&categoryDemo=A00&categoryMidCategoryId=50000109&categoryRootCategoryId=50000004&period=P1D,50000004,50000109.0,50007048.0,가구/인테리어,침구단품,토퍼,2022-02-03 15:54:10,2022-02-03 15:54:10,Y
https://search.shopping.naver.com/best/category/purchase?categoryCategoryId=50000110&categoryChildCategoryId=&categoryDemo=A00&categoryMidCategoryId=50000110&categoryRootCategoryId=50000004&period=P1D,50000004,50000110.0,,가구/인테리어,침구세트,,2022-02-03 15:54:10,2022-02-03 15:54:10,Y
https://search.shopping.naver.com/best/category/purchase?categoryCategoryId=50001129&categoryChildCategoryId=50001129&categoryDemo=A00&categoryMidCategoryId=50000110&categoryRootCategoryId=50000004&period=P1D,50000004,50000110.0,50001129.0,가구/인테리어,침구세트,이불베개세트,2022-02-03 15:54:10,2022-02-03 15:54:10,Y
https://search.shopping.naver.com/best/category/purchase?categoryCategoryId=50001130&categoryChildCategoryId=50001130&categoryDemo=A00&categoryMidCategoryId=50000110&categoryRootCategoryId=50000004&period=P1D,50000004,50000110.0,50001130.0,가구/인테리어,침구세트,이불패드세트,2022-02-03 15:54:10,2022-02-03 15:54:10,Y
https://search.shopping.naver.com/best/category/purchase?categoryCategoryId=50001131&categoryChildCategoryId=50001131&categoryDemo=A00&categoryMidCategoryId=50000110&categoryRootCategoryId=50000004&period=P1D,50000004,50000110.0,50001131.0,가구/인테리어,침구세트,요이불세트,2022-02-03 15:54:10,2022-02-03 15:54:10,Y
https://search.shopping.naver.com/best/category/purchase?categoryCategoryId=50000111&categoryChildCategoryId=&categoryDemo=A00&categoryMidCategoryId=50000111&categoryRootCategoryId=50000004&period=P1D,50000004,50000111.0,,가구/인테리어,솜류,,2022-02-03 15:54:10,2022-02-03 15:54:10,Y
https://search.shopping.naver.com/best/category/purchase?categoryCategoryId=50001132&categoryChildCategoryId=50001132&categoryDemo=A00&categoryMidCategoryId=50000111&categoryRootCategoryId=50000004&period=P1D,50000004,50000111.0,50001132.0,가구/인테리어,솜류,베개솜/속통,2022-02-03 15:54:10,2022-02-03 15:54:10,Y
https://search.shopping.naver.com/best/category/purchase?categoryCategoryId=50001134&categoryChildCategoryId=50001134&categoryDemo=A00&categoryMidCategoryId=50000111&categoryRootCategoryId=50000004&period=P1D,50000004,50000111.0,50001134.0,가구/인테리어,솜류,이불솜,2022-02-03 15:54:10,2022-02-03 15:54:10,Y
https://search.shopping.naver.com/best/category/purchase?categoryCategoryId=50000112&categoryChildCategoryId=&categoryDemo=A00&categoryMidCategoryId=50000112&categoryRootCategoryId=50000004&period=P1D,50000004,50000112.0,,가구/인테리어,카페트/러그,,2022-02-03 15:54:10,2022-02-03 15:54:10,Y
https://search.shopping.naver.com/best/category/purchase?categoryCategoryId=50000981&categoryChildCategoryId=50000981&categoryDemo=A00&categoryMidCategoryId=50000112&categoryRootCategoryId=50000004&period=P1D,50000004,50000112.0,50000981.0,가구/인테리어,카페트/러그,러그,2022-02-03 15:54:10,2022-02-03 15:54:10,Y
https://search.shopping.naver.com/best/category/purchase?categoryCategoryId=50000982&categoryChildCategoryId=50000982&categoryDemo=A00&categoryMidCategoryId=50000112&categoryRootCategoryId=50000004&period=P1D,50000004,50000112.0,50000982.0,가구/인테리어,카페트/러그,발매트,2022-02-03 15:54:10,2022-02-03 15:54:10,Y
https://search.shopping.naver.com/best/category/purchase?categoryCategoryId=50001135&categoryChildCategoryId=50001135&categoryDemo=A00&categoryMidCategoryId=50000112&categoryRootCategoryId=50000004&period=P1D,50000004,50000112.0,50001135.0,가구/인테리어,카페트/러그,카페트,2022-02-03 15:54:10,2022-02-03 15:54:10,Y
https://search.shopping.naver.com/best/category/purchase?categoryCategoryId=50000113&categoryChildCategoryId=&categoryDemo=A00&categoryMidCategoryId=50000113&categoryRootCategoryId=50000004&period=P1D,50000004,50000113.0,,가구/인테리어,커튼/블라인드,,2022-02-03 15:54:10,2022-02-03 15:54:10,Y
https://search.shopping.naver.com/best/category/purchase?categoryCategoryId=50000859&categoryChildCategoryId=50000859&categoryDemo=A00&categoryMidCategoryId=50000113&categoryRootCategoryId=50000004&period=P1D,50000004,50000113.0,50000859.0,가구/인테리어,커튼/블라인드,블라인드,2022-02-03 15:54:10,2022-02-03 15:54:10,Y
https://search.shopping.naver.com/best/category/purchase?categoryCategoryId=50000862&categoryChildCategoryId=50000862&categoryDemo=A00&categoryMidCategoryId=50000113&categoryRootCategoryId=50000004&period=P1D,50000004,50000113.0,50000862.0,가구/인테리어,커튼/블라인드,바란스,2022-02-03 15:54:10,2022-02-03 15:54:10,Y
https://search.shopping.naver.com/best/category/purchase?categoryCategoryId=50001136&categoryChildCategoryId=50001136&categoryDemo=A00&categoryMidCategoryId=50000113&categoryRootCategoryId=50000004&period=P1D,50000004,50000113.0,50001136.0,가구/인테리어,커튼/블라인드,커튼,2022-02-03 15:54:10,2022-02-03 15:54:10,Y
https://search.shopping.naver.com/best/category/purchase?categoryCategoryId=50006168&categoryChildCategoryId=50006168&categoryDemo=A00&categoryMidCategoryId=50000113&categoryRootCategoryId=50000004&period=P1D,50000004,50000113.0,50006168.0,가구/인테리어,커튼/블라인드,콤비블라인드,2022-02-03 15:54:10,2022-02-03 15:54:10,Y
https://search.shopping.naver.com/best/category/purchase?categoryCategoryId=50000114&categoryChildCategoryId=&categoryDemo=A00&categoryMidCategoryId=50000114&categoryRootCategoryId=50000004&period=P1D,50000004,50000114.0,,가구/인테리어,수예,,2022-02-03 15:54:10,2022-02-03 15:54:10,Y
https://search.shopping.naver.com/best/category/purchase?categoryCategoryId=50000849&categoryChildCategoryId=50000849&categoryDemo=A00&categoryMidCategoryId=50000114&categoryRootCategoryId=50000004&period=P1D,50000004,50000114.0,50000849.0,가구/인테리어,수예,원단,2022-02-03 15:54:10,2022-02-03 15:54:10,Y
https://search.shopping.naver.com/best/category/purchase?categoryCategoryId=50000850&categoryChildCategoryId=50000850&categoryDemo=A00&categoryMidCategoryId=50000114&categoryRootCategoryId=50000004&period=P1D,50000004,50000114.0,50000850.0,가구/인테리어,수예,수예용품/부자재,2022-02-03 15:54:10,2022-02-03 15:54:10,Y
https://search.shopping.naver.com/best/category/purchase?categoryCategoryId=50001140&categoryChildCategoryId=50001140&categoryDemo=A00&categoryMidCategoryId=50000114&categoryRootCategoryId=50000004&period=P1D,50000004,50000114.0,50001140.0,가구/인테리어,수예,뜨개질,2022-02-03 15:54:10,2022-02-03 15:54:10,Y
https://search.shopping.naver.com/best/category/purchase?categoryCategoryId=50001141&categoryChildCategoryId=50001141&categoryDemo=A00&categoryMidCategoryId=50000114&categoryRootCategoryId=50000004&period=P1D,50000004,50000114.0,50001141.0,가구/인테리어,수예,자수,2022-02-03 15:54:10,2022-02-03 15:54:10,Y
https://search.shopping.naver.com/best/category/purchase?categoryCategoryId=50001142&categoryChildCategoryId=50001142&categoryDemo=A00&categoryMidCategoryId=50000114&categoryRootCategoryId=50000004&period=P1D,50000004,50000114.0,50001142.0,가구/인테리어,수예,퀼트/펠트,2022-02-03 15:54:10,2022-02-03 15:54:10,Y
https://search.shopping.naver.com/best/category/purchase?categoryCategoryId=50006874&categoryChildCategoryId=50006874&categoryDemo=A00&categoryMidCategoryId=50000114&categoryRootCategoryId=50000004&period=P1D,50000004,50000114.0,50006874.0,가구/인테리어,수예,보석십자수,2022-02-03 15:54:10,2022-02-03 15:54:10,Y
https://search.shopping.naver.com/best/category/purchase?categoryCategoryId=50000154&categoryChildCategoryId=&categoryDemo=A00&categoryMidCategoryId=50000154&categoryRootCategoryId=50000004&period=P1D,50000004,50000154.0,,가구/인테리어,홈데코,,2022-02-03 15:54:10,2022-02-03 15:54:10,Y
https://search.shopping.naver.com/best/category/purchase?categoryCategoryId=50001137&categoryChildCategoryId=50001137&categoryDemo=A00&categoryMidCategoryId=50000154&categoryRootCategoryId=50000004&period=P1D,50000004,50000154.0,50001137.0,가구/인테리어,홈데코,커버류,2022-02-03 15:54:10,2022-02-03 15:54:10,Y
https://search.shopping.naver.com/best/category/purchase?categoryCategoryId=50001138&categoryChildCategoryId=50001138&categoryDemo=A00&categoryMidCategoryId=50000154&categoryRootCategoryId=50000004&period=P1D,50000004,50000154.0,50001138.0,가구/인테리어,홈데코,주방데코,2022-02-03 15:54:10,2022-02-03 15:54:10,Y
https://search.shopping.naver.com/best/category/purchase?categoryCategoryId=50001139&categoryChildCategoryId=50001139&categoryDemo=A00&categoryMidCategoryId=50000154&categoryRootCategoryId=50000004&period=P1D,50000004,50000154.0,50001139.0,가구/인테리어,홈데코,쿠션/방석,2022-02-03 15:54:10,2022-02-03 15:54:10,Y
https://search.shopping.naver.com/best/category/purchase?categoryCategoryId=50000005&categoryDemo=A00&categoryRootCategoryId=50000005&period=P1D,50000005,,,출산/육아,,,2022-02-03 15:54:10,2022-02-03 15:54:10,Y
https://search.shopping.naver.com/best/category/purchase?categoryCategoryId=50000115&categoryChildCategoryId=&categoryDemo=A00&categoryMidCategoryId=50000115&categoryRootCategoryId=50000005&period=P1D,50000005,50000115.0,,출산/육아,분유,,2022-02-03 15:54:10,2022-02-03 15:54:10,Y
https://search.shopping.naver.com/best/category/purchase?categoryCategoryId=50000854&categoryChildCategoryId=50000854&categoryDemo=A00&categoryMidCategoryId=50000115&categoryRootCategoryId=50000005&period=P1D,50000005,50000115.0,50000854.0,출산/육아,분유,국내분유,2022-02-03 15:54:10,2022-02-03 15:54:10,Y
https://search.shopping.naver.com/best/category/purchase?categoryCategoryId=50000855&categoryChildCategoryId=50000855&categoryDemo=A00&categoryMidCategoryId=50000115&categoryRootCategoryId=50000005&period=P1D,50000005,50000115.0,50000855.0,출산/육아,분유,수입분유,2022-02-03 15:54:10,2022-02-03 15:54:10,Y
https://search.shopping.naver.com/best/category/purchase?categoryCategoryId=50000856&categoryChildCategoryId=50000856&categoryDemo=A00&categoryMidCategoryId=50000115&categoryRootCategoryId=50000005&period=P1D,50000005,50000115.0,50000856.0,출산/육아,분유,특수분유,2022-02-03 15:54:10,2022-02-03 15:54:10,Y
https://search.shopping.naver.com/best/category/purchase?categoryCategoryId=50000116&categoryChildCategoryId=&categoryDemo=A00&categoryMidCategoryId=50000116&categoryRootCategoryId=50000005&period=P1D,50000005,50000116.0,,출산/육아,기저귀,,2022-02-03 15:54:10,2022-02-03 15:54:10,Y
https://search.shopping.naver.com/best/category/purchase?categoryCategoryId=50000117&categoryChildCategoryId=&categoryDemo=A00&categoryMidCategoryId=50000117&categoryRootCategoryId=50000005&period=P1D,50000005,50000117.0,,출산/육아,물티슈,,2022-02-03 15:54:10,2022-02-03 15:54:10,Y
https://search.shopping.naver.com/best/category/purchase?categoryCategoryId=50000118&categoryChildCategoryId=&categoryDemo=A00&categoryMidCategoryId=50000118&categoryRootCategoryId=50000005&period=P1D,50000005,50000118.0,,출산/육아,이유식,,2022-02-03 15:54:10,2022-02-03 15:54:10,Y
https://search.shopping.naver.com/best/category/purchase?categoryCategoryId=50009344&categoryChildCategoryId=50009344&categoryDemo=A00&categoryMidCategoryId=50000118&categoryRootCategoryId=50000005&period=P1D,50000005,50000118.0,50009344.0,출산/육아,이유식,가공이유식,2022-02-03 15:54:10,2022-02-03 15:54:10,Y
https://search.shopping.naver.com/best/category/purchase?categoryCategoryId=50009345&categoryChildCategoryId=50009345&categoryDemo=A00&categoryMidCategoryId=50000118&categoryRootCategoryId=50000005&period=P1D,50000005,50000118.0,50009345.0,출산/육아,이유식,이유식재료,2022-02-03 15:54:10,2022-02-03 15:54:10,Y
https://search.shopping.naver.com/best/category/purchase?categoryCategoryId=50009720&categoryChildCategoryId=50009720&categoryDemo=A00&categoryMidCategoryId=50000118&categoryRootCategoryId=50000005&period=P1D,50000005,50000118.0,50009720.0,출산/육아,이유식,수제이유식,2022-02-03 15:54:10,2022-02-03 15:54:10,Y
https://search.shopping.naver.com/best/category/purchase?categoryCategoryId=50000119&categoryChildCategoryId=&categoryDemo=A00&categoryMidCategoryId=50000119&categoryRootCategoryId=50000005&period=P1D,50000005,50000119.0,,출산/육아,아기간식,,2022-02-03 15:54:10,2022-02-03 15:54:10,Y
https://search.shopping.naver.com/best/category/purchase?categoryCategoryId=50000739&categoryChildCategoryId=50000739&categoryDemo=A00&categoryMidCategoryId=50000119&categoryRootCategoryId=50000005&period=P1D,50000005,50000119.0,50000739.0,출산/육아,아기간식,유아과자,2022-02-03 15:54:10,2022-02-03 15:54:10,Y
https://search.shopping.naver.com/best/category/purchase?categoryCategoryId=50005467&categoryChildCategoryId=50005467&categoryDemo=A00&categoryMidCategoryId=50000119&categoryRootCategoryId=50000005&period=P1D,50000005,50000119.0,50005467.0,출산/육아,아기간식,유아유제품,2022-02-03 15:54:10,2022-02-03 15:54:10,Y
https://search.shopping.naver.com/best/category/purchase?categoryCategoryId=50005468&categoryChildCategoryId=50005468&categoryDemo=A00&categoryMidCategoryId=50000119&categoryRootCategoryId=50000005&period=P1D,50000005,50000119.0,50005468.0,출산/육아,아기간식,유아음료,2022-02-03 15:54:10,2022-02-03 15:54:10,Y
https://search.shopping.naver.com/best/category/purchase?categoryCategoryId=50000120&categoryChildCategoryId=&categoryDemo=A00&categoryMidCategoryId=50000120&categoryRootCategoryId=50000005&period=P1D,50000005,50000120.0,,출산/육아,수유용품,,2022-02-03 15:54:10,2022-02-03 15:54:10,Y
https://search.shopping.naver.com/best/category/purchase?categoryCategoryId=50000673&categoryChildCategoryId=50000673&categoryDemo=A00&categoryMidCategoryId=50000120&categoryRootCategoryId=50000005&period=P1D,50000005,50000120.0,50000673.0,출산/육아,수유용품,유축기,2022-02-03 15:54:10,2022-02-03 15:54:10,Y
https://search.shopping.naver.com/best/category/purchase?categoryCategoryId=50000674&categoryChildCategoryId=50000674&categoryDemo=A00&categoryMidCategoryId=50000120&categoryRootCategoryId=50000005&period=P1D,50000005,50000120.0,50000674.0,출산/육아,수유용품,분유케이스,2022-02-03 15:54:10,2022-02-03 15:54:10,Y
https://search.shopping.naver.com/best/category/purchase?categoryCategoryId=50000675&categoryChildCategoryId=50000675&categoryDemo=A00&categoryMidCategoryId=50000120&categoryRootCategoryId=50000005&period=P1D,50000005,50000120.0,50000675.0,출산/육아,수유용품,보틀워머,2022-02-03 15:54:10,2022-02-03 15:54:10,Y
https://search.shopping.naver.com/best/category/purchase?categoryCategoryId=50000677&categoryChildCategoryId=50000677&categoryDemo=A00&categoryMidCategoryId=50000120&categoryRootCategoryId=50000005&period=P1D,50000005,50000120.0,50000677.0,출산/육아,수유용품,모유보관비닐팩,2022-02-03 15:54:10,2022-02-03 15:54:10,Y
https://search.shopping.naver.com/best/category/purchase?categoryCategoryId=50000679&categoryChildCategoryId=50000679&categoryDemo=A00&categoryMidCategoryId=50000120&categoryRootCategoryId=50000005&period=P1D,50000005,50000120.0,50000679.0,출산/육아,수유용품,수유쿠션/시트,2022-02-03 15:54:10,2022-02-03 15:54:10,Y
https://search.shopping.naver.com/best/category/purchase?categoryCategoryId=50000681&categoryChildCategoryId=50000681&categoryDemo=A00&categoryMidCategoryId=50000120&categoryRootCategoryId=50000005&period=P1D,50000005,50000120.0,50000681.0,출산/육아,수유용품,수유패드,2022-02-03 15:54:10,2022-02-03 15:54:10,Y
https://search.shopping.naver.com/best/category/purchase?categoryCategoryId=50000684&categoryChildCategoryId=50000684&categoryDemo=A00&categoryMidCategoryId=50000120&categoryRootCategoryId=50000005&period=P1D,50000005,50000120.0,50000684.0,출산/육아,수유용품,유두케어/젖몸살용품,2022-02-03 15:54:10,2022-02-03 15:54:10,Y
https://search.shopping.naver.com/best/category/purchase?categoryCategoryId=50000685&categoryChildCategoryId=50000685&categoryDemo=A00&categoryMidCategoryId=50000120&categoryRootCategoryId=50000005&period=P1D,50000005,50000120.0,50000685.0,출산/육아,수유용품,기타수유용품,2022-02-03 15:54:10,2022-02-03 15:54:10,Y
https://search.shopping.naver.com/best/category/purchase?categoryCategoryId=50000743&categoryChildCategoryId=50000743&categoryDemo=A00&categoryMidCategoryId=50000120&categoryRootCategoryId=50000005&period=P1D,50000005,50000120.0,50000743.0,출산/육아,수유용품,젖병,2022-02-03 15:54:10,2022-02-03 15:54:10,Y
https://search.shopping.naver.com/best/category/purchase?categoryCategoryId=50000745&categoryChildCategoryId=50000745&categoryDemo=A00&categoryMidCategoryId=50000120&categoryRootCategoryId=50000005&period=P1D,50000005,50000120.0,50000745.0,출산/육아,수유용품,젖꼭지,2022-02-03 15:54:10,2022-02-03 15:54:10,Y
https://search.shopping.naver.com/best/category/purchase?categoryCategoryId=50000746&categoryChildCategoryId=50000746&categoryDemo=A00&categoryMidCategoryId=50000120&categoryRootCategoryId=50000005&period=P1D,50000005,50000120.0,50000746.0,출산/육아,수유용품,노리개젖꼭지,2022-02-03 15:54:10,2022-02-03 15:54:10,Y
https://search.shopping.naver.com/best/category/purchase?categoryCategoryId=50000121&categoryChildCategoryId=&categoryDemo=A00&categoryMidCategoryId=50000121&categoryRootCategoryId=50000005&period=P1D,50000005,50000121.0,,출산/육아,유모차,,2022-02-03 15:54:10,2022-02-03 15:54:10,Y
https://search.shopping.naver.com/best/category/purchase?categoryCategoryId=50000686&categoryChildCategoryId=50000686&categoryDemo=A00&categoryMidCategoryId=50000121&categoryRootCategoryId=50000005&period=P1D,50000005,50000121.0,50000686.0,출산/육아,유모차,초경량/휴대용,2022-02-03 15:54:10,2022-02-03 15:54:10,Y
https://search.shopping.naver.com/best/category/purchase?categoryCategoryId=50000687&categoryChildCategoryId=50000687&categoryDemo=A00&categoryMidCategoryId=50000121&categoryRootCategoryId=50000005&period=P1D,50000005,50000121.0,50000687.0,출산/육아,유모차,절충형/디럭스형,2022-02-03 15:54:10,2022-02-03 15:54:10,Y
https://search.shopping.naver.com/best/category/purchase?categoryCategoryId=50001147&categoryChildCategoryId=50001147&categoryDemo=A00&categoryMidCategoryId=50000121&categoryRootCategoryId=50000005&period=P1D,50000005,50000121.0,50001147.0,출산/육아,유모차,유모차용품,2022-02-03 15:54:10,2022-02-03 15:54:10,Y
https://search.shopping.naver.com/best/category/purchase?categoryCategoryId=50005406&categoryChildCategoryId=50005406&categoryDemo=A00&categoryMidCategoryId=50000121&categoryRootCategoryId=50000005&period=P1D,50000005,50000121.0,50005406.0,출산/육아,유모차,쌍둥이용,2022-02-03 15:54:10,2022-02-03 15:54:10,Y
https://search.shopping.naver.com/best/category/purchase?categoryCategoryId=50000122&categoryChildCategoryId=&categoryDemo=A00&categoryMidCategoryId=50000122&categoryRootCategoryId=50000005&period=P1D,50000005,50000122.0,,출산/육아,카시트,,2022-02-03 15:54:10,2022-02-03 15:54:10,Y
https://search.shopping.naver.com/best/category/purchase?categoryCategoryId=50001148&categoryChildCategoryId=50001148&categoryDemo=A00&categoryMidCategoryId=50000122&categoryRootCategoryId=50000005&period=P1D,50000005,50000122.0,50001148.0,출산/육아,카시트,카시트용품,2022-02-03 15:54:10,2022-02-03 15:54:10,Y
https://search.shopping.naver.com/best/category/purchase?categoryCategoryId=50005408&categoryChildCategoryId=50005408&categoryDemo=A00&categoryMidCategoryId=50000122&categoryRootCategoryId=50000005&period=P1D,50000005,50000122.0,50005408.0,출산/육아,카시트,바구니형,2022-02-03 15:54:10,2022-02-03 15:54:10,Y
https://search.shopping.naver.com/best/category/purchase?categoryCategoryId=50005409&categoryChildCategoryId=50005409&categoryDemo=A00&categoryMidCategoryId=50000122&categoryRootCategoryId=50000005&period=P1D,50000005,50000122.0,50005409.0,출산/육아,카시트,일체형,2022-02-03 15:54:10,2022-02-03 15:54:10,Y
https://search.shopping.naver.com/best/category/purchase?categoryCategoryId=50005410&categoryChildCategoryId=50005410&categoryDemo=A00&categoryMidCategoryId=50000122&categoryRootCategoryId=50000005&period=P1D,50000005,50000122.0,50005410.0,출산/육아,카시트,분리형,2022-02-03 15:54:10,2022-02-03 15:54:10,Y
https://search.shopping.naver.com/best/category/purchase?categoryCategoryId=50000123&categoryChildCategoryId=&categoryDemo=A00&categoryMidCategoryId=50000123&categoryRootCategoryId=50000005&period=P1D,50000005,50000123.0,,출산/육아,외출용품,,2022-02-03 15:54:10,2022-02-03 15:54:10,Y
https://search.shopping.naver.com/best/category/purchase?categoryCategoryId=50000695&categoryChildCategoryId=50000695&categoryDemo=A00&categoryMidCategoryId=50000123&categoryRootCategoryId=50000005&period=P1D,50000005,50000123.0,50000695.0,출산/육아,외출용품,기저귀가방,2022-02-03 15:54:10,2022-02-03 15:54:10,Y
https://search.shopping.naver.com/best/category/purchase?categoryCategoryId=50000697&categoryChildCategoryId=50000697&categoryDemo=A00&categoryMidCategoryId=50000123&categoryRootCategoryId=50000005&period=P1D,50000005,50000123.0,50000697.0,출산/육아,외출용품,힙시트,2022-02-03 15:54:10,2022-02-03 15:54:10,Y
https://search.shopping.naver.com/best/category/purchase?categoryCategoryId=50000698&categoryChildCategoryId=50000698&categoryDemo=A00&categoryMidCategoryId=50000123&categoryRootCategoryId=50000005&period=P1D,50000005,50000123.0,50000698.0,출산/육아,외출용품,포대기/처네,2022-02-03 15:54:10,2022-02-03 15:54:10,Y
https://search.shopping.naver.com/best/category/purchase?categoryCategoryId=50000702&categoryChildCategoryId=50000702&categoryDemo=A00&categoryMidCategoryId=50000123&categoryRootCategoryId=50000005&period=P1D,50000005,50000123.0,50000702.0,출산/육아,외출용품,망토/워머,2022-02-03 15:54:10,2022-02-03 15:54:10,Y
https://search.shopping.naver.com/best/category/purchase?categoryCategoryId=50000124&categoryChildCategoryId=&categoryDemo=A00&categoryMidCategoryId=50000124&categoryRootCategoryId=50000005&period=P1D,50000005,50000124.0,,출산/육아,목욕용품,,2022-02-03 15:54:10,2022-02-03 15:54:10,Y
https://search.shopping.naver.com/best/category/purchase?categoryCategoryId=50000125&categoryChildCategoryId=&categoryDemo=A00&categoryMidCategoryId=50000125&categoryRootCategoryId=50000005&period=P1D,50000005,50000125.0,,출산/육아,스킨/바디용품,,2022-02-03 15:54:10,2022-02-03 15:54:10,Y
https://search.shopping.naver.com/best/category/purchase?categoryCategoryId=50000717&categoryChildCategoryId=50000717&categoryDemo=A00&categoryMidCategoryId=50000125&categoryRootCategoryId=50000005&period=P1D,50000005,50000125.0,50000717.0,출산/육아,스킨/바디용품,기저귀크림,2022-02-03 15:54:10,2022-02-03 15:54:10,Y
https://search.shopping.naver.com/best/category/purchase?categoryCategoryId=50000718&categoryChildCategoryId=50000718&categoryDemo=A00&categoryMidCategoryId=50000125&categoryRootCategoryId=50000005&period=P1D,50000005,50000125.0,50000718.0,출산/육아,스킨/바디용품,유아크림,2022-02-03 15:54:10,2022-02-03 15:54:10,Y
https://search.shopping.naver.com/best/category/purchase?categoryCategoryId=50000719&categoryChildCategoryId=50000719&categoryDemo=A00&categoryMidCategoryId=50000125&categoryRootCategoryId=50000005&period=P1D,50000005,50000125.0,50000719.0,출산/육아,스킨/바디용품,유아로션,2022-02-03 15:54:10,2022-02-03 15:54:10,Y
https://search.shopping.naver.com/best/category/purchase?categoryCategoryId=50000721&categoryChildCategoryId=50000721&categoryDemo=A00&categoryMidCategoryId=50000125&categoryRootCategoryId=50000005&period=P1D,50000005,50000125.0,50000721.0,출산/육아,스킨/바디용품,유아선크림,2022-02-03 15:54:10,2022-02-03 15:54:10,Y
https://search.shopping.naver.com/best/category/purchase?categoryCategoryId=50000723&categoryChildCategoryId=50000723&categoryDemo=A00&categoryMidCategoryId=50000125&categoryRootCategoryId=50000005&period=P1D,50000005,50000125.0,50000723.0,출산/육아,스킨/바디용품,유아립케어,2022-02-03 15:54:10,2022-02-03 15:54:10,Y
https://search.shopping.naver.com/best/category/purchase?categoryCategoryId=50000726&categoryChildCategoryId=50000726&categoryDemo=A00&categoryMidCategoryId=50000125&categoryRootCategoryId=50000005&period=P1D,50000005,50000125.0,50000726.0,출산/육아,스킨/바디용품,유아바스/샴푸,2022-02-03 15:54:10,2022-02-03 15:54:10,Y
https://search.shopping.naver.com/best/category/purchase?categoryCategoryId=50000126&categoryChildCategoryId=&categoryDemo=A00&categoryMidCategoryId=50000126&categoryRootCategoryId=50000005&period=P1D,50000005,50000126.0,,출산/육아,위생/건강용품,,2022-02-03 15:54:10,2022-02-03 15:54:10,Y
https://search.shopping.naver.com/best/category/purchase?categoryCategoryId=50000601&categoryChildCategoryId=50000601&categoryDemo=A00&categoryMidCategoryId=50000126&categoryRootCategoryId=50000005&period=P1D,50000005,50000126.0,50000601.0,출산/육아,위생/건강용품,유아변기/커버,2022-02-03 15:54:10,2022-02-03 15:54:10,Y
https://search.shopping.naver.com/best/category/purchase?categoryCategoryId=50000606&categoryChildCategoryId=50000606&categoryDemo=A00&categoryMidCategoryId=50000126&categoryRootCategoryId=50000005&period=P1D,50000005,50000126.0,50000606.0,출산/육아,위생/건강용품,유아손세정제,2022-02-03 15:54:10,2022-02-03 15:54:10,Y
https://search.shopping.naver.com/best/category/purchase?categoryCategoryId=50000608&categoryChildCategoryId=50000608&categoryDemo=A00&categoryMidCategoryId=50000126&categoryRootCategoryId=50000005&period=P1D,50000005,50000126.0,50000608.0,출산/육아,위생/건강용품,유아마스크,2022-02-03 15:54:10,2022-02-03 15:54:10,Y
https://search.shopping.naver.com/best/category/purchase?categoryCategoryId=50000615&categoryChildCategoryId=50000615&categoryDemo=A00&categoryMidCategoryId=50000126&categoryRootCategoryId=50000005&period=P1D,50000005,50000126.0,50000615.0,출산/육아,위생/건강용품,키재기,2022-02-03 15:54:10,2022-02-03 15:54:10,Y
https://search.shopping.naver.com/best/category/purchase?categoryCategoryId=50000128&categoryChildCategoryId=&categoryDemo=A00&categoryMidCategoryId=50000128&categoryRootCategoryId=50000005&period=P1D,50000005,50000128.0,,출산/육아,구강청결용품,,2022-02-03 15:54:10,2022-02-03 15:54:10,Y
https://search.shopping.naver.com/best/category/purchase?categoryCategoryId=50000129&categoryChildCategoryId=&categoryDemo=A00&categoryMidCategoryId=50000129&categoryRootCategoryId=50000005&period=P1D,50000005,50000129.0,,출산/육아,소독/살균용품,,2022-02-03 15:54:10,2022-02-03 15:54:10,Y
https://search.shopping.naver.com/best/category/purchase?categoryCategoryId=50000130&categoryChildCategoryId=&categoryDemo=A00&categoryMidCategoryId=50000130&categoryRootCategoryId=50000005&period=P1D,50000005,50000130.0,,출산/육아,안전용품,,2022-02-03 15:54:10,2022-02-03 15:54:10,Y
https://search.shopping.naver.com/best/category/purchase?categoryCategoryId=50000131&categoryChildCategoryId=&categoryDemo=A00&categoryMidCategoryId=50000131&categoryRootCategoryId=50000005&period=P1D,50000005,50000131.0,,출산/육아,유아가구,,2022-02-03 15:54:10,2022-02-03 15:54:10,Y
https://search.shopping.naver.com/best/category/purchase?categoryCategoryId=50000473&categoryChildCategoryId=50000473&categoryDemo=A00&categoryMidCategoryId=50000131&categoryRootCategoryId=50000005&period=P1D,50000005,50000131.0,50000473.0,출산/육아,유아가구,기저귀정리함,2022-02-03 15:54:10,2022-02-03 15:54:10,Y
https://search.shopping.naver.com/best/category/purchase?categoryCategoryId=50000476&categoryChildCategoryId=50000476&categoryDemo=A00&categoryMidCategoryId=50000131&categoryRootCategoryId=50000005&period=P1D,50000005,50000131.0,50000476.0,출산/육아,유아가구,기타유아가구,2022-02-03 15:54:10,2022-02-03 15:54:10,Y
https://search.shopping.naver.com/best/category/purchase?categoryCategoryId=50000587&categoryChildCategoryId=50000587&categoryDemo=A00&categoryMidCategoryId=50000131&categoryRootCategoryId=50000005&period=P1D,50000005,50000131.0,50000587.0,출산/육아,유아가구,유아침대,2022-02-03 15:54:10,2022-02-03 15:54:10,Y
https://search.shopping.naver.com/best/category/purchase?categoryCategoryId=50000589&categoryChildCategoryId=50000589&categoryDemo=A00&categoryMidCategoryId=50000131&categoryRootCategoryId=50000005&period=P1D,50000005,50000131.0,50000589.0,출산/육아,유아가구,유아책상,2022-02-03 15:54:10,2022-02-03 15:54:10,Y
https://search.shopping.naver.com/best/category/purchase?categoryCategoryId=50000590&categoryChildCategoryId=50000590&categoryDemo=A00&categoryMidCategoryId=50000131&categoryRootCategoryId=50000005&period=P1D,50000005,50000131.0,50000590.0,출산/육아,유아가구,유아공부상,2022-02-03 15:54:10,2022-02-03 15:54:10,Y
https://search.shopping.naver.com/best/category/purchase?categoryCategoryId=50000591&categoryChildCategoryId=50000591&categoryDemo=A00&categoryMidCategoryId=50000131&categoryRootCategoryId=50000005&period=P1D,50000005,50000131.0,50000591.0,출산/육아,유아가구,유아의자,2022-02-03 15:54:10,2022-02-03 15:54:10,Y
https://search.shopping.naver.com/best/category/purchase?categoryCategoryId=50000592&categoryChildCategoryId=50000592&categoryDemo=A00&categoryMidCategoryId=50000131&categoryRootCategoryId=50000005&period=P1D,50000005,50000131.0,50000592.0,출산/육아,유아가구,유아소파,2022-02-03 15:54:10,2022-02-03 15:54:10,Y
https://search.shopping.naver.com/best/category/purchase?categoryCategoryId=50000593&categoryChildCategoryId=50000593&categoryDemo=A00&categoryMidCategoryId=50000131&categoryRootCategoryId=50000005&period=P1D,50000005,50000131.0,50000593.0,출산/육아,유아가구,유아이유식의자,2022-02-03 15:54:10,2022-02-03 15:54:10,Y
https://search.shopping.naver.com/best/category/purchase?categoryCategoryId=50000598&categoryChildCategoryId=50000598&categoryDemo=A00&categoryMidCategoryId=50000131&categoryRootCategoryId=50000005&period=P1D,50000005,50000131.0,50000598.0,출산/육아,유아가구,유아옷걸이,2022-02-03 15:54:10,2022-02-03 15:54:10,Y
https://search.shopping.naver.com/best/category/purchase?categoryCategoryId=50000600&categoryChildCategoryId=50000600&categoryDemo=A00&categoryMidCategoryId=50000131&categoryRootCategoryId=50000005&period=P1D,50000005,50000131.0,50000600.0,출산/육아,유아가구,장난감정리함,2022-02-03 15:54:10,2022-02-03 15:54:10,Y
https://search.shopping.naver.com/best/category/purchase?categoryCategoryId=50000132&categoryChildCategoryId=&categoryDemo=A00&categoryMidCategoryId=50000132&categoryRootCategoryId=50000005&period=P1D,50000005,50000132.0,,출산/육아,이유식용품,,2022-02-03 15:54:10,2022-02-03 15:54:10,Y
https://search.shopping.naver.com/best/category/purchase?categoryCategoryId=50000477&categoryChildCategoryId=50000477&categoryDemo=A00&categoryMidCategoryId=50000132&categoryRootCategoryId=50000005&period=P1D,50000005,50000132.0,50000477.0,출산/육아,이유식용품,유아컵,2022-02-03 15:54:10,2022-02-03 15:54:10,Y
https://search.shopping.naver.com/best/category/purchase?categoryCategoryId=50000478&categoryChildCategoryId=50000478&categoryDemo=A00&categoryMidCategoryId=50000132&categoryRootCategoryId=50000005&period=P1D,50000005,50000132.0,50000478.0,출산/육아,이유식용품,유아식기,2022-02-03 15:54:10,2022-02-03 15:54:10,Y
https://search.shopping.naver.com/best/category/purchase?categoryCategoryId=50000479&categoryChildCategoryId=50000479&categoryDemo=A00&categoryMidCategoryId=50000132&categoryRootCategoryId=50000005&period=P1D,50000005,50000132.0,50000479.0,출산/육아,이유식용품,유아스푼/포크,2022-02-03 15:54:10,2022-02-03 15:54:10,Y
https://search.shopping.naver.com/best/category/purchase?categoryCategoryId=50000481&categoryChildCategoryId=50000481&categoryDemo=A00&categoryMidCategoryId=50000132&categoryRootCategoryId=50000005&period=P1D,50000005,50000132.0,50000481.0,출산/육아,이유식용품,연습용젓가락,2022-02-03 15:54:10,2022-02-03 15:54:10,Y
https://search.shopping.naver.com/best/category/purchase?categoryCategoryId=50000482&categoryChildCategoryId=50000482&categoryDemo=A00&categoryMidCategoryId=50000132&categoryRootCategoryId=50000005&period=P1D,50000005,50000132.0,50000482.0,출산/육아,이유식용품,턱받이,2022-02-03 15:54:10,2022-02-03 15:54:10,Y
https://search.shopping.naver.com/best/category/purchase?categoryCategoryId=50000483&categoryChildCategoryId=50000483&categoryDemo=A00&categoryMidCategoryId=50000132&categoryRootCategoryId=50000005&period=P1D,50000005,50000132.0,50000483.0,출산/육아,이유식용품,조리기,2022-02-03 15:54:10,2022-02-03 15:54:10,Y
https://search.shopping.naver.com/best/category/purchase?categoryCategoryId=50000133&categoryChildCategoryId=&categoryDemo=A00&categoryMidCategoryId=50000133&categoryRootCategoryId=50000005&period=P1D,50000005,50000133.0,,출산/육아,임부복,,2022-02-03 15:54:10,2022-02-03 15:54:10,Y
https://search.shopping.naver.com/best/category/purchase?categoryCategoryId=50000135&categoryChildCategoryId=&categoryDemo=A00&categoryMidCategoryId=50000135&categoryRootCategoryId=50000005&period=P1D,50000005,50000135.0,,출산/육아,임산부용품,,2022-02-03 15:54:10,2022-02-03 15:54:10,Y
https://search.shopping.naver.com/best/category/purchase?categoryCategoryId=50000509&categoryChildCategoryId=50000509&categoryDemo=A00&categoryMidCategoryId=50000135&categoryRootCategoryId=50000005&period=P1D,50000005,50000135.0,50000509.0,출산/육아,임산부용품,속싸개,2022-02-03 15:54:10,2022-02-03 15:54:10,Y
https://search.shopping.naver.com/best/category/purchase?categoryCategoryId=50000512&categoryChildCategoryId=50000512&categoryDemo=A00&categoryMidCategoryId=50000135&categoryRootCategoryId=50000005&period=P1D,50000005,50000135.0,50000512.0,출산/육아,임산부용품,아기이불/요/패드,2022-02-03 15:54:10,2022-02-03 15:54:10,Y
https://search.shopping.naver.com/best/category/purchase?categoryCategoryId=50000514&categoryChildCategoryId=50000514&categoryDemo=A00&categoryMidCategoryId=50000135&categoryRootCategoryId=50000005&period=P1D,50000005,50000135.0,50000514.0,출산/육아,임산부용품,방수요,2022-02-03 15:54:10,2022-02-03 15:54:10,Y
https://search.shopping.naver.com/best/category/purchase?categoryCategoryId=50005304&categoryChildCategoryId=50005304&categoryDemo=A00&categoryMidCategoryId=50000135&categoryRootCategoryId=50000005&period=P1D,50000005,50000135.0,50005304.0,출산/육아,임산부용품,유아베개,2022-02-03 15:54:10,2022-02-03 15:54:10,Y
https://search.shopping.naver.com/best/category/purchase?categoryCategoryId=50005305&categoryChildCategoryId=50005305&categoryDemo=A00&categoryMidCategoryId=50000135&categoryRootCategoryId=50000005&period=P1D,50000005,50000135.0,50005305.0,출산/육아,임산부용품,낮잠이불,2022-02-03 15:54:10,2022-02-03 15:54:10,Y
https://search.shopping.naver.com/best/category/purchase?categoryCategoryId=50000136&categoryChildCategoryId=&categoryDemo=A00&categoryMidCategoryId=50000136&categoryRootCategoryId=50000005&period=P1D,50000005,50000136.0,,출산/육아,출산/돌기념품,,2022-02-03 15:54:10,2022-02-03 15:54:10,Y
https://search.shopping.naver.com/best/category/purchase?categoryCategoryId=50006990&categoryChildCategoryId=50006990&categoryDemo=A00&categoryMidCategoryId=50000136&categoryRootCategoryId=50000005&period=P1D,50000005,50000136.0,50006990.0,출산/육아,출산/돌기념품,셀프촬영,2022-02-03 15:54:10,2022-02-03 15:54:10,Y
https://search.shopping.naver.com/best/category/purchase?categoryCategoryId=50006993&categoryChildCategoryId=50006993&categoryDemo=A00&categoryMidCategoryId=50000136&categoryRootCategoryId=50000005&period=P1D,50000005,50000136.0,50006993.0,출산/육아,출산/돌기념품,돌잔치용품,2022-02-03 15:54:10,2022-02-03 15:54:10,Y
https://search.shopping.naver.com/best/category/purchase?categoryCategoryId=50000137&categoryChildCategoryId=&categoryDemo=A00&categoryMidCategoryId=50000137&categoryRootCategoryId=50000005&period=P1D,50000005,50000137.0,,출산/육아,신생아의류,,2022-02-03 15:54:10,2022-02-03 15:54:10,Y
https://search.shopping.naver.com/best/category/purchase?categoryCategoryId=50000528&categoryChildCategoryId=50000528&categoryDemo=A00&categoryMidCategoryId=50000137&categoryRootCategoryId=50000005&period=P1D,50000005,50000137.0,50000528.0,출산/육아,신생아의류,바디슈트/롬퍼,2022-02-03 15:54:10,2022-02-03 15:54:10,Y
https://search.shopping.naver.com/best/category/purchase?categoryCategoryId=50000529&categoryChildCategoryId=50000529&categoryDemo=A00&categoryMidCategoryId=50000137&categoryRootCategoryId=50000005&period=P1D,50000005,50000137.0,50000529.0,출산/육아,신생아의류,배냇저고리,2022-02-03 15:54:10,2022-02-03 15:54:10,Y
https://search.shopping.naver.com/best/category/purchase?categoryCategoryId=50000532&categoryChildCategoryId=50000532&categoryDemo=A00&categoryMidCategoryId=50000137&categoryRootCategoryId=50000005&period=P1D,50000005,50000137.0,50000532.0,출산/육아,신생아의류,우주복,2022-02-03 15:54:10,2022-02-03 15:54:10,Y
https://search.shopping.naver.com/best/category/purchase?categoryCategoryId=50005306&categoryChildCategoryId=50005306&categoryDemo=A00&categoryMidCategoryId=50000137&categoryRootCategoryId=50000005&period=P1D,50000005,50000137.0,50005306.0,출산/육아,신생아의류,가제손수건,2022-02-03 15:54:10,2022-02-03 15:54:10,Y
https://search.shopping.naver.com/best/category/purchase?categoryCategoryId=50000138&categoryChildCategoryId=&categoryDemo=A00&categoryMidCategoryId=50000138&categoryRootCategoryId=50000005&period=P1D,50000005,50000138.0,,출산/육아,유아동의류,,2022-02-03 15:54:10,2022-02-03 15:54:10,Y
https://search.shopping.naver.com/best/category/purchase?categoryCategoryId=50000270&categoryChildCategoryId=50000270&categoryDemo=A00&categoryMidCategoryId=50000138&categoryRootCategoryId=50000005&period=P1D,50000005,50000138.0,50000270.0,출산/육아,유아동의류,조끼,2022-02-03 15:54:10,2022-02-03 15:54:10,Y
https://search.shopping.naver.com/best/category/purchase?categoryCategoryId=50000271&categoryChildCategoryId=50000271&categoryDemo=A00&categoryMidCategoryId=50000138&categoryRootCategoryId=50000005&period=P1D,50000005,50000138.0,50000271.0,출산/육아,유아동의류,상하세트,2022-02-03 15:54:10,2022-02-03 15:54:10,Y
https://search.shopping.naver.com/best/category/purchase?categoryCategoryId=50000409&categoryChildCategoryId=50000409&categoryDemo=A00&categoryMidCategoryId=50000138&categoryRootCategoryId=50000005&period=P1D,50000005,50000138.0,50000409.0,출산/육아,유아동의류,니트/스웨터,2022-02-03 15:54:10,2022-02-03 15:54:10,Y
https://search.shopping.naver.com/best/category/purchase?categoryCategoryId=50000410&categoryChildCategoryId=50000410&categoryDemo=A00&categoryMidCategoryId=50000138&categoryRootCategoryId=50000005&period=P1D,50000005,50000138.0,50000410.0,출산/육아,유아동의류,카디건,2022-02-03 15:54:10,2022-02-03 15:54:10,Y
https://search.shopping.naver.com/best/category/purchase?categoryCategoryId=50000411&categoryChildCategoryId=50000411&categoryDemo=A00&categoryMidCategoryId=50000138&categoryRootCategoryId=50000005&period=P1D,50000005,50000138.0,50000411.0,출산/육아,유아동의류,바지,2022-02-03 15:54:10,2022-02-03 15:54:10,Y
https://search.shopping.naver.com/best/category/purchase?categoryCategoryId=50000412&categoryChildCategoryId=50000412&categoryDemo=A00&categoryMidCategoryId=50000138&categoryRootCategoryId=50000005&period=P1D,50000005,50000138.0,50000412.0,출산/육아,유아동의류,스커트,2022-02-03 15:54:10,2022-02-03 15:54:10,Y
https://search.shopping.naver.com/best/category/purchase?categoryCategoryId=50000413&categoryChildCategoryId=50000413&categoryDemo=A00&categoryMidCategoryId=50000138&categoryRootCategoryId=50000005&period=P1D,50000005,50000138.0,50000413.0,출산/육아,유아동의류,드레스,2022-02-03 15:54:10,2022-02-03 15:54:10,Y
https://search.shopping.naver.com/best/category/purchase?categoryCategoryId=50000414&categoryChildCategoryId=50000414&categoryDemo=A00&categoryMidCategoryId=50000138&categoryRootCategoryId=50000005&period=P1D,50000005,50000138.0,50000414.0,출산/육아,유아동의류,원피스,2022-02-03 15:54:10,2022-02-03 15:54:10,Y
https://search.shopping.naver.com/best/category/purchase?categoryCategoryId=50000416&categoryChildCategoryId=50000416&categoryDemo=A00&categoryMidCategoryId=50000138&categoryRootCategoryId=50000005&period=P1D,50000005,50000138.0,50000416.0,출산/육아,유아동의류,트레이닝복,2022-02-03 15:54:10,2022-02-03 15:54:10,Y
https://search.shopping.naver.com/best/category/purchase?categoryCategoryId=50000418&categoryChildCategoryId=50000418&categoryDemo=A00&categoryMidCategoryId=50000138&categoryRootCategoryId=50000005&period=P1D,50000005,50000138.0,50000418.0,출산/육아,유아동의류,재킷,2022-02-03 15:54:10,2022-02-03 15:54:10,Y
https://search.shopping.naver.com/best/category/purchase?categoryCategoryId=50000419&categoryChildCategoryId=50000419&categoryDemo=A00&categoryMidCategoryId=50000138&categoryRootCategoryId=50000005&period=P1D,50000005,50000138.0,50000419.0,출산/육아,유아동의류,점퍼,2022-02-03 15:54:10,2022-02-03 15:54:10,Y
https://search.shopping.naver.com/best/category/purchase?categoryCategoryId=50000420&categoryChildCategoryId=50000420&categoryDemo=A00&categoryMidCategoryId=50000138&categoryRootCategoryId=50000005&period=P1D,50000005,50000138.0,50000420.0,출산/육아,유아동의류,코트,2022-02-03 15:54:10,2022-02-03 15:54:10,Y
https://search.shopping.naver.com/best/category/purchase?categoryCategoryId=50000535&categoryChildCategoryId=50000535&categoryDemo=A00&categoryMidCategoryId=50000138&categoryRootCategoryId=50000005&period=P1D,50000005,50000138.0,50000535.0,출산/육아,유아동의류,티셔츠,2022-02-03 15:54:10,2022-02-03 15:54:10,Y
https://search.shopping.naver.com/best/category/purchase?categoryCategoryId=50000536&categoryChildCategoryId=50000536&categoryDemo=A00&categoryMidCategoryId=50000138&categoryRootCategoryId=50000005&period=P1D,50000005,50000138.0,50000536.0,출산/육아,유아동의류,블라우스,2022-02-03 15:54:10,2022-02-03 15:54:10,Y
https://search.shopping.naver.com/best/category/purchase?categoryCategoryId=50007114&categoryChildCategoryId=50007114&categoryDemo=A00&categoryMidCategoryId=50000138&categoryRootCategoryId=50000005&period=P1D,50000005,50000138.0,50007114.0,출산/육아,유아동의류,셔츠/남방,2022-02-03 15:54:10,2022-02-03 15:54:10,Y
https://search.shopping.naver.com/best/category/purchase?categoryCategoryId=50007115&categoryChildCategoryId=50007115&categoryDemo=A00&categoryMidCategoryId=50000138&categoryRootCategoryId=50000005&period=P1D,50000005,50000138.0,50007115.0,출산/육아,유아동의류,청바지,2022-02-03 15:54:10,2022-02-03 15:54:10,Y
https://search.shopping.naver.com/best/category/purchase?categoryCategoryId=50007116&categoryChildCategoryId=50007116&categoryDemo=A00&categoryMidCategoryId=50000138&categoryRootCategoryId=50000005&period=P1D,50000005,50000138.0,50007116.0,출산/육아,유아동의류,레깅스,2022-02-03 15:54:10,2022-02-03 15:54:10,Y
https://search.shopping.naver.com/best/category/purchase?categoryCategoryId=50007117&categoryChildCategoryId=50007117&categoryDemo=A00&categoryMidCategoryId=50000138&categoryRootCategoryId=50000005&period=P1D,50000005,50000138.0,50007117.0,출산/육아,유아동의류,점프슈트,2022-02-03 15:54:10,2022-02-03 15:54:10,Y
https://search.shopping.naver.com/best/category/purchase?categoryCategoryId=50007120&categoryChildCategoryId=50007120&categoryDemo=A00&categoryMidCategoryId=50000138&categoryRootCategoryId=50000005&period=P1D,50000005,50000138.0,50007120.0,출산/육아,유아동의류,스키복,2022-02-03 15:54:10,2022-02-03 15:54:10,Y
https://search.shopping.naver.com/best/category/purchase?categoryCategoryId=50007121&categoryChildCategoryId=50007121&categoryDemo=A00&categoryMidCategoryId=50000138&categoryRootCategoryId=50000005&period=P1D,50000005,50000138.0,50007121.0,출산/육아,유아동의류,발레복/댄스복,2022-02-03 15:54:10,2022-02-03 15:54:10,Y
https://search.shopping.naver.com/best/category/purchase?categoryCategoryId=50007123&categoryChildCategoryId=50007123&categoryDemo=A00&categoryMidCategoryId=50000138&categoryRootCategoryId=50000005&period=P1D,50000005,50000138.0,50007123.0,출산/육아,유아동의류,공주드레스,2022-02-03 15:54:10,2022-02-03 15:54:10,Y
https://search.shopping.naver.com/best/category/purchase?categoryCategoryId=50007125&categoryChildCategoryId=50007125&categoryDemo=A00&categoryMidCategoryId=50000138&categoryRootCategoryId=50000005&period=P1D,50000005,50000138.0,50007125.0,출산/육아,유아동의류,레인코트,2022-02-03 15:54:10,2022-02-03 15:54:10,Y
https://search.shopping.naver.com/best/category/purchase?categoryCategoryId=50000139&categoryChildCategoryId=&categoryDemo=A00&categoryMidCategoryId=50000139&categoryRootCategoryId=50000005&period=P1D,50000005,50000139.0,,출산/육아,유아동잡화,,2022-02-03 15:54:10,2022-02-03 15:54:10,Y
https://search.shopping.naver.com/best/category/purchase?categoryCategoryId=50000223&categoryChildCategoryId=50000223&categoryDemo=A00&categoryMidCategoryId=50000139&categoryRootCategoryId=50000005&period=P1D,50000005,50000139.0,50000223.0,출산/육아,유아동잡화,양말,2022-02-03 15:54:10,2022-02-03 15:54:10,Y
https://search.shopping.naver.com/best/category/purchase?categoryCategoryId=50000348&categoryChildCategoryId=50000348&categoryDemo=A00&categoryMidCategoryId=50000139&categoryRootCategoryId=50000005&period=P1D,50000005,50000139.0,50000348.0,출산/육아,유아동잡화,지갑,2022-02-03 15:54:10,2022-02-03 15:54:10,Y
https://search.shopping.naver.com/best/category/purchase?categoryCategoryId=50000349&categoryChildCategoryId=50000349&categoryDemo=A00&categoryMidCategoryId=50000139&categoryRootCategoryId=50000005&period=P1D,50000005,50000139.0,50000349.0,출산/육아,유아동잡화,모자,2022-02-03 15:54:10,2022-02-03 15:54:10,Y
https://search.shopping.naver.com/best/category/purchase?categoryCategoryId=50000350&categoryChildCategoryId=50000350&categoryDemo=A00&categoryMidCategoryId=50000139&categoryRootCategoryId=50000005&period=P1D,50000005,50000139.0,50000350.0,출산/육아,유아동잡화,장갑,2022-02-03 15:54:10,2022-02-03 15:54:10,Y
https://search.shopping.naver.com/best/category/purchase?categoryCategoryId=50000352&categoryChildCategoryId=50000352&categoryDemo=A00&categoryMidCategoryId=50000139&categoryRootCategoryId=50000005&period=P1D,50000005,50000139.0,50000352.0,출산/육아,유아동잡화,목도리,2022-02-03 15:54:10,2022-02-03 15:54:10,Y
https://search.shopping.naver.com/best/category/purchase?categoryCategoryId=50000353&categoryChildCategoryId=50000353&categoryDemo=A00&categoryMidCategoryId=50000139&categoryRootCategoryId=50000005&period=P1D,50000005,50000139.0,50000353.0,출산/육아,유아동잡화,스카프,2022-02-03 15:54:10,2022-02-03 15:54:10,Y
https://search.shopping.naver.com/best/category/purchase?categoryCategoryId=50000356&categoryChildCategoryId=50000356&categoryDemo=A00&categoryMidCategoryId=50000139&categoryRootCategoryId=50000005&period=P1D,50000005,50000139.0,50000356.0,출산/육아,유아동잡화,앞치마/토시/두건,2022-02-03 15:54:10,2022-02-03 15:54:10,Y
https://search.shopping.naver.com/best/category/purchase?categoryCategoryId=50000358&categoryChildCategoryId=50000358&categoryDemo=A00&categoryMidCategoryId=50000139&categoryRootCategoryId=50000005&period=P1D,50000005,50000139.0,50000358.0,출산/육아,유아동잡화,선글라스,2022-02-03 15:54:10,2022-02-03 15:54:10,Y
https://search.shopping.naver.com/best/category/purchase?categoryCategoryId=50001152&categoryChildCategoryId=50001152&categoryDemo=A00&categoryMidCategoryId=50000139&categoryRootCategoryId=50000005&period=P1D,50000005,50000139.0,50001152.0,출산/육아,유아동잡화,신발,2022-02-03 15:54:10,2022-02-03 15:54:10,Y
https://search.shopping.naver.com/best/category/purchase?categoryCategoryId=50001153&categoryChildCategoryId=50001153&categoryDemo=A00&categoryMidCategoryId=50000139&categoryRootCategoryId=50000005&period=P1D,50000005,50000139.0,50001153.0,출산/육아,유아동잡화,가방,2022-02-03 15:54:10,2022-02-03 15:54:10,Y
https://search.shopping.naver.com/best/category/purchase?categoryCategoryId=50007110&categoryChildCategoryId=50007110&categoryDemo=A00&categoryMidCategoryId=50000139&categoryRootCategoryId=50000005&period=P1D,50000005,50000139.0,50007110.0,출산/육아,유아동잡화,헤어액세서리,2022-02-03 15:54:10,2022-02-03 15:54:10,Y
https://search.shopping.naver.com/best/category/purchase?categoryCategoryId=50007126&categoryChildCategoryId=50007126&categoryDemo=A00&categoryMidCategoryId=50000139&categoryRootCategoryId=50000005&period=P1D,50000005,50000139.0,50007126.0,출산/육아,유아동잡화,타이즈,2022-02-03 15:54:10,2022-02-03 15:54:10,Y
https://search.shopping.naver.com/best/category/purchase?categoryCategoryId=50000140&categoryChildCategoryId=&categoryDemo=A00&categoryMidCategoryId=50000140&categoryRootCategoryId=50000005&period=P1D,50000005,50000140.0,,출산/육아,수영복/용품,,2022-02-03 15:54:10,2022-02-03 15:54:10,Y
https://search.shopping.naver.com/best/category/purchase?categoryCategoryId=50000361&categoryChildCategoryId=50000361&categoryDemo=A00&categoryMidCategoryId=50000140&categoryRootCategoryId=50000005&period=P1D,50000005,50000140.0,50000361.0,출산/육아,수영복/용품,남아수영복,2022-02-03 15:54:10,2022-02-03 15:54:10,Y
https://search.shopping.naver.com/best/category/purchase?categoryCategoryId=50000362&categoryChildCategoryId=50000362&categoryDemo=A00&categoryMidCategoryId=50000140&categoryRootCategoryId=50000005&period=P1D,50000005,50000140.0,50000362.0,출산/육아,수영복/용품,여아수영복,2022-02-03 15:54:10,2022-02-03 15:54:10,Y
https://search.shopping.naver.com/best/category/purchase?categoryCategoryId=50000141&categoryChildCategoryId=&categoryDemo=A00&categoryMidCategoryId=50000141&categoryRootCategoryId=50000005&period=P1D,50000005,50000141.0,,출산/육아,유아발육용품,,2022-02-03 15:54:10,2022-02-03 15:54:10,Y
https://search.shopping.naver.com/best/category/purchase?categoryCategoryId=50000367&categoryChildCategoryId=50000367&categoryDemo=A00&categoryMidCategoryId=50000141&categoryRootCategoryId=50000005&period=P1D,50000005,50000141.0,50000367.0,출산/육아,유아발육용품,바운서/흔들침대,2022-02-03 15:54:10,2022-02-03 15:54:10,Y
https://search.shopping.naver.com/best/category/purchase?categoryCategoryId=50000368&categoryChildCategoryId=50000368&categoryDemo=A00&categoryMidCategoryId=50000141&categoryRootCategoryId=50000005&period=P1D,50000005,50000141.0,50000368.0,출산/육아,유아발육용품,보행기,2022-02-03 15:54:10,2022-02-03 15:54:10,Y
https://search.shopping.naver.com/best/category/purchase?categoryCategoryId=50000369&categoryChildCategoryId=50000369&categoryDemo=A00&categoryMidCategoryId=50000141&categoryRootCategoryId=50000005&period=P1D,50000005,50000141.0,50000369.0,출산/육아,유아발육용품,쏘서,2022-02-03 15:54:10,2022-02-03 15:54:10,Y
https://search.shopping.naver.com/best/category/purchase?categoryCategoryId=50000370&categoryChildCategoryId=50000370&categoryDemo=A00&categoryMidCategoryId=50000141&categoryRootCategoryId=50000005&period=P1D,50000005,50000141.0,50000370.0,출산/육아,유아발육용품,점퍼루,2022-02-03 15:54:10,2022-02-03 15:54:10,Y
https://search.shopping.naver.com/best/category/purchase?categoryCategoryId=50000142&categoryChildCategoryId=&categoryDemo=A00&categoryMidCategoryId=50000142&categoryRootCategoryId=50000005&period=P1D,50000005,50000142.0,,출산/육아,완구/매트,,2022-02-03 15:54:10,2022-02-03 15:54:10,Y
https://search.shopping.naver.com/best/category/purchase?categoryCategoryId=50000343&categoryChildCategoryId=50000343&categoryDemo=A00&categoryMidCategoryId=50000142&categoryRootCategoryId=50000005&period=P1D,50000005,50000142.0,50000343.0,출산/육아,완구/매트,캐릭터카드/딱지,2022-02-03 15:54:10,2022-02-03 15:54:10,Y
https://search.shopping.naver.com/best/category/purchase?categoryCategoryId=50000371&categoryChildCategoryId=50000371&categoryDemo=A00&categoryMidCategoryId=50000142&categoryRootCategoryId=50000005&period=P1D,50000005,50000142.0,50000371.0,출산/육아,완구/매트,놀이방매트,2022-02-03 15:54:10,2022-02-03 15:54:10,Y
https://search.shopping.naver.com/best/category/purchase?categoryCategoryId=50001154&categoryChildCategoryId=50001154&categoryDemo=A00&categoryMidCategoryId=50000142&categoryRootCategoryId=50000005&period=P1D,50000005,50000142.0,50001154.0,출산/육아,완구/매트,작동완구,2022-02-03 15:54:10,2022-02-03 15:54:10,Y
https://search.shopping.naver.com/best/category/purchase?categoryCategoryId=50001155&categoryChildCategoryId=50001155&categoryDemo=A00&categoryMidCategoryId=50000142&categoryRootCategoryId=50000005&period=P1D,50000005,50000142.0,50001155.0,출산/육아,완구/매트,감각발달완구,2022-02-03 15:54:10,2022-02-03 15:54:10,Y
https://search.shopping.naver.com/best/category/purchase?categoryCategoryId=50001156&categoryChildCategoryId=50001156&categoryDemo=A00&categoryMidCategoryId=50000142&categoryRootCategoryId=50000005&period=P1D,50000005,50000142.0,50001156.0,출산/육아,완구/매트,공간놀이기구,2022-02-03 15:54:10,2022-02-03 15:54:10,Y
https://search.shopping.naver.com/best/category/purchase?categoryCategoryId=50001157&categoryChildCategoryId=50001157&categoryDemo=A00&categoryMidCategoryId=50000142&categoryRootCategoryId=50000005&period=P1D,50000005,50000142.0,50001157.0,출산/육아,완구/매트,물놀이용품,2022-02-03 15:54:10,2022-02-03 15:54:10,Y
https://search.shopping.naver.com/best/category/purchase?categoryCategoryId=50001158&categoryChildCategoryId=50001158&categoryDemo=A00&categoryMidCategoryId=50000142&categoryRootCategoryId=50000005&period=P1D,50000005,50000142.0,50001158.0,출산/육아,완구/매트,미술놀이,2022-02-03 15:54:10,2022-02-03 15:54:10,Y
https://search.shopping.naver.com/best/category/purchase?categoryCategoryId=50001159&categoryChildCategoryId=50001159&categoryDemo=A00&categoryMidCategoryId=50000142&categoryRootCategoryId=50000005&period=P1D,50000005,50000142.0,50001159.0,출산/육아,완구/매트,블록,2022-02-03 15:54:10,2022-02-03 15:54:10,Y
https://search.shopping.naver.com/best/category/purchase?categoryCategoryId=50001160&categoryChildCategoryId=50001160&categoryDemo=A00&categoryMidCategoryId=50000142&categoryRootCategoryId=50000005&period=P1D,50000005,50000142.0,50001160.0,출산/육아,완구/매트,스포츠완구,2022-02-03 15:54:10,2022-02-03 15:54:10,Y
https://search.shopping.naver.com/best/category/purchase?categoryCategoryId=50001161&categoryChildCategoryId=50001161&categoryDemo=A00&categoryMidCategoryId=50000142&categoryRootCategoryId=50000005&period=P1D,50000005,50000142.0,50001161.0,출산/육아,완구/매트,승용완구,2022-02-03 15:54:10,2022-02-03 15:54:10,Y
https://search.shopping.naver.com/best/category/purchase?categoryCategoryId=50001162&categoryChildCategoryId=50001162&categoryDemo=A00&categoryMidCategoryId=50000142&categoryRootCategoryId=50000005&period=P1D,50000005,50000142.0,50001162.0,출산/육아,완구/매트,유아/어린이자전거,2022-02-03 15:54:10,2022-02-03 15:54:10,Y
https://search.shopping.naver.com/best/category/purchase?categoryCategoryId=50001163&categoryChildCategoryId=50001163&categoryDemo=A00&categoryMidCategoryId=50000142&categoryRootCategoryId=50000005&period=P1D,50000005,50000142.0,50001163.0,출산/육아,완구/매트,신생아/영유아완구,2022-02-03 15:54:10,2022-02-03 15:54:10,Y
https://search.shopping.naver.com/best/category/purchase?categoryCategoryId=50001164&categoryChildCategoryId=50001164&categoryDemo=A00&categoryMidCategoryId=50000142&categoryRootCategoryId=50000005&period=P1D,50000005,50000142.0,50001164.0,출산/육아,완구/매트,언어/학습완구,2022-02-03 15:54:10,2022-02-03 15:54:10,Y
https://search.shopping.naver.com/best/category/purchase?categoryCategoryId=50001165&categoryChildCategoryId=50001165&categoryDemo=A00&categoryMidCategoryId=50000142&categoryRootCategoryId=50000005&period=P1D,50000005,50000142.0,50001165.0,출산/육아,완구/매트,역할놀이/소꿉놀이,2022-02-03 15:54:10,2022-02-03 15:54:10,Y
https://search.shopping.naver.com/best/category/purchase?categoryCategoryId=50001166&categoryChildCategoryId=50001166&categoryDemo=A00&categoryMidCategoryId=50000142&categoryRootCategoryId=50000005&period=P1D,50000005,50000142.0,50001166.0,출산/육아,완구/매트,원목교구/가베,2022-02-03 15:54:10,2022-02-03 15:54:10,Y
https://search.shopping.naver.com/best/category/purchase?categoryCategoryId=50001167&categoryChildCategoryId=50001167&categoryDemo=A00&categoryMidCategoryId=50000142&categoryRootCategoryId=50000005&period=P1D,50000005,50000142.0,50001167.0,출산/육아,완구/매트,자연/과학완구,2022-02-03 15:54:10,2022-02-03 15:54:10,Y
https://search.shopping.naver.com/best/category/purchase?categoryCategoryId=50001168&categoryChildCategoryId=50001168&categoryDemo=A00&categoryMidCategoryId=50000142&categoryRootCategoryId=50000005&period=P1D,50000005,50000142.0,50001168.0,출산/육아,완구/매트,유아동퍼즐,2022-02-03 15:54:10,2022-02-03 15:54:10,Y
https://search.shopping.naver.com/best/category/purchase?categoryCategoryId=50001169&categoryChildCategoryId=50001169&categoryDemo=A00&categoryMidCategoryId=50000142&categoryRootCategoryId=50000005&period=P1D,50000005,50000142.0,50001169.0,출산/육아,완구/매트,음악/악기놀이,2022-02-03 15:54:10,2022-02-03 15:54:10,Y
https://search.shopping.naver.com/best/category/purchase?categoryCategoryId=50000143&categoryChildCategoryId=&categoryDemo=A00&categoryMidCategoryId=50000143&categoryRootCategoryId=50000005&period=P1D,50000005,50000143.0,,출산/육아,인형,,2022-02-03 15:54:10,2022-02-03 15:54:10,Y
https://search.shopping.naver.com/best/category/purchase?categoryCategoryId=50000144&categoryChildCategoryId=&categoryDemo=A00&categoryMidCategoryId=50000144&categoryRootCategoryId=50000005&period=P1D,50000005,50000144.0,,출산/육아,교구,,2022-02-03 15:54:10,2022-02-03 15:54:10,Y
https://search.shopping.naver.com/best/category/purchase?categoryCategoryId=50006392&categoryChildCategoryId=50006392&categoryDemo=A00&categoryMidCategoryId=50000144&categoryRootCategoryId=50000005&period=P1D,50000005,50000144.0,50006392.0,출산/육아,교구,학습교구,2022-02-03 15:54:10,2022-02-03 15:54:10,Y
https://search.shopping.naver.com/best/category/purchase?categoryCategoryId=50007127&categoryChildCategoryId=&categoryDemo=A00&categoryMidCategoryId=50007127&categoryRootCategoryId=50000005&period=P1D,50000005,50007127.0,,출산/육아,유아동 주얼리,,2022-02-03 15:54:10,2022-02-03 15:54:10,Y
https://search.shopping.naver.com/best/category/purchase?categoryCategoryId=50007135&categoryChildCategoryId=&categoryDemo=A00&categoryMidCategoryId=50007135&categoryRootCategoryId=50000005&period=P1D,50000005,50007135.0,,출산/육아,유아동언더웨어/잠옷,,2022-02-03 15:54:10,2022-02-03 15:54:10,Y
https://search.shopping.naver.com/best/category/purchase?categoryCategoryId=50007136&categoryChildCategoryId=50007136&categoryDemo=A00&categoryMidCategoryId=50007135&categoryRootCategoryId=50000005&period=P1D,50000005,50007135.0,50007136.0,출산/육아,유아동언더웨어/잠옷,잠옷/홈웨어,2022-02-03 15:54:10,2022-02-03 15:54:10,Y
https://search.shopping.naver.com/best/category/purchase?categoryCategoryId=50007138&categoryChildCategoryId=50007138&categoryDemo=A00&categoryMidCategoryId=50007135&categoryRootCategoryId=50000005&period=P1D,50000005,50007135.0,50007138.0,출산/육아,유아동언더웨어/잠옷,내의/내복,2022-02-03 15:54:10,2022-02-03 15:54:10,Y
https://search.shopping.naver.com/best/category/purchase?categoryCategoryId=50000006&categoryDemo=A00&categoryRootCategoryId=50000006&period=P1D,50000006,,,식품,,,2022-02-03 15:54:10,2022-02-03 15:54:10,Y
https://search.shopping.naver.com/best/category/purchase?categoryCategoryId=50000023&categoryChildCategoryId=&categoryDemo=A00&categoryMidCategoryId=50000023&categoryRootCategoryId=50000006&period=P1D,50000006,50000023.0,,식품,건강식품,,2022-02-03 15:54:10,2022-02-03 15:54:10,Y
https://search.shopping.naver.com/best/category/purchase?categoryCategoryId=50001090&categoryChildCategoryId=50001090&categoryDemo=A00&categoryMidCategoryId=50000023&categoryRootCategoryId=50000006&period=P1D,50000006,50000023.0,50001090.0,식품,건강식품,비타민제,2022-02-03 15:54:10,2022-02-03 15:54:10,Y
https://search.shopping.naver.com/best/category/purchase?categoryCategoryId=50001092&categoryChildCategoryId=50001092&categoryDemo=A00&categoryMidCategoryId=50000023&categoryRootCategoryId=50000006&period=P1D,50000006,50000023.0,50001092.0,식품,건강식품,영양제,2022-02-03 15:54:10,2022-02-03 15:54:10,Y
https://search.shopping.naver.com/best/category/purchase?categoryCategoryId=50001897&categoryChildCategoryId=50001897&categoryDemo=A00&categoryMidCategoryId=50000023&categoryRootCategoryId=50000006&period=P1D,50000006,50000023.0,50001897.0,식품,건강식품,건강음료,2022-02-03 15:54:10,2022-02-03 15:54:10,Y
https://search.shopping.naver.com/best/category/purchase?categoryCategoryId=50001899&categoryChildCategoryId=50001899&categoryDemo=A00&categoryMidCategoryId=50000023&categoryRootCategoryId=50000006&period=P1D,50000006,50000023.0,50001899.0,식품,건강식품,건강환/정,2022-02-03 15:54:10,2022-02-03 15:54:10,Y
https://search.shopping.naver.com/best/category/purchase?categoryCategoryId=50001900&categoryChildCategoryId=50001900&categoryDemo=A00&categoryMidCategoryId=50000023&categoryRootCategoryId=50000006&period=P1D,50000006,50000023.0,50001900.0,식품,건강식품,건강분말,2022-02-03 15:54:10,2022-02-03 15:54:10,Y
https://search.shopping.naver.com/best/category/purchase?categoryCategoryId=50001901&categoryChildCategoryId=50001901&categoryDemo=A00&categoryMidCategoryId=50000023&categoryRootCategoryId=50000006&period=P1D,50000006,50000023.0,50001901.0,식품,건강식품,홍삼,2022-02-03 15:54:10,2022-02-03 15:54:10,Y
https://search.shopping.naver.com/best/category/purchase?categoryCategoryId=50001902&categoryChildCategoryId=50001902&categoryDemo=A00&categoryMidCategoryId=50000023&categoryRootCategoryId=50000006&period=P1D,50000006,50000023.0,50001902.0,식품,건강식품,인삼,2022-02-03 15:54:10,2022-02-03 15:54:10,Y
https://search.shopping.naver.com/best/category/purchase?categoryCategoryId=50001905&categoryChildCategoryId=50001905&categoryDemo=A00&categoryMidCategoryId=50000023&categoryRootCategoryId=50000006&period=P1D,50000006,50000023.0,50001905.0,식품,건강식품,꿀,2022-02-03 15:54:10,2022-02-03 15:54:10,Y
https://search.shopping.naver.com/best/category/purchase?categoryCategoryId=50007000&categoryChildCategoryId=50007000&categoryDemo=A00&categoryMidCategoryId=50000023&categoryRootCategoryId=50000006&period=P1D,50000006,50000023.0,50007000.0,식품,건강식품,건강즙,2022-02-03 15:54:10,2022-02-03 15:54:10,Y
https://search.shopping.naver.com/best/category/purchase?categoryCategoryId=50007008&categoryChildCategoryId=50007008&categoryDemo=A00&categoryMidCategoryId=50000023&categoryRootCategoryId=50000006&period=P1D,50000006,50000023.0,50007008.0,식품,건강식품,과일즙,2022-02-03 15:54:10,2022-02-03 15:54:10,Y
https://search.shopping.naver.com/best/category/purchase?categoryCategoryId=50000024&categoryChildCategoryId=&categoryDemo=A00&categoryMidCategoryId=50000024&categoryRootCategoryId=50000006&period=P1D,50000006,50000024.0,,식품,다이어트식품,,2022-02-03 15:54:10,2022-02-03 15:54:10,Y
https://search.shopping.naver.com/best/category/purchase?categoryCategoryId=50001767&categoryChildCategoryId=50001767&categoryDemo=A00&categoryMidCategoryId=50000024&categoryRootCategoryId=50000006&period=P1D,50000006,50000024.0,50001767.0,식품,다이어트식품,기타다이어트식품,2022-02-03 15:54:10,2022-02-03 15:54:10,Y
https://search.shopping.naver.com/best/category/purchase?categoryCategoryId=50001908&categoryChildCategoryId=50001908&categoryDemo=A00&categoryMidCategoryId=50000024&categoryRootCategoryId=50000006&period=P1D,50000006,50000024.0,50001908.0,식품,다이어트식품,식이섬유,2022-02-03 15:54:10,2022-02-03 15:54:10,Y
https://search.shopping.naver.com/best/category/purchase?categoryCategoryId=50001910&categoryChildCategoryId=50001910&categoryDemo=A00&categoryMidCategoryId=50000024&categoryRootCategoryId=50000006&period=P1D,50000006,50000024.0,50001910.0,식품,다이어트식품,다이어트바,2022-02-03 15:54:10,2022-02-03 15:54:10,Y
https://search.shopping.naver.com/best/category/purchase?categoryCategoryId=50001911&categoryChildCategoryId=50001911&categoryDemo=A00&categoryMidCategoryId=50000024&categoryRootCategoryId=50000006&period=P1D,50000006,50000024.0,50001911.0,식품,다이어트식품,가르시니아,2022-02-03 15:54:10,2022-02-03 15:54:10,Y
https://search.shopping.naver.com/best/category/purchase?categoryCategoryId=50001914&categoryChildCategoryId=50001914&categoryDemo=A00&categoryMidCategoryId=50000024&categoryRootCategoryId=50000006&period=P1D,50000006,50000024.0,50001914.0,식품,다이어트식품,헬스보충제,2022-02-03 15:54:10,2022-02-03 15:54:10,Y
https://search.shopping.naver.com/best/category/purchase?categoryCategoryId=50006953&categoryChildCategoryId=50006953&categoryDemo=A00&categoryMidCategoryId=50000024&categoryRootCategoryId=50000006&period=P1D,50000006,50000024.0,50006953.0,식품,다이어트식품,곤약,2022-02-03 15:54:10,2022-02-03 15:54:10,Y
https://search.shopping.naver.com/best/category/purchase?categoryCategoryId=50007037&categoryChildCategoryId=50007037&categoryDemo=A00&categoryMidCategoryId=50000024&categoryRootCategoryId=50000006&period=P1D,50000006,50000024.0,50007037.0,식품,다이어트식품,콜라겐,2022-02-03 15:54:10,2022-02-03 15:54:10,Y
https://search.shopping.naver.com/best/category/purchase?categoryCategoryId=50000025&categoryChildCategoryId=&categoryDemo=A00&categoryMidCategoryId=50000025&categoryRootCategoryId=50000006&period=P1D,50000006,50000025.0,,식품,아이스크림/빙수,,2022-02-03 15:54:10,2022-02-03 15:54:10,Y
https://search.shopping.naver.com/best/category/purchase?categoryCategoryId=50001865&categoryChildCategoryId=50001865&categoryDemo=A00&categoryMidCategoryId=50000025&categoryRootCategoryId=50000006&period=P1D,50000006,50000025.0,50001865.0,식품,아이스크림/빙수,아이스크림,2022-02-03 15:54:10,2022-02-03 15:54:10,Y
https://search.shopping.naver.com/best/category/purchase?categoryCategoryId=50001866&categoryChildCategoryId=50001866&categoryDemo=A00&categoryMidCategoryId=50000025&categoryRootCategoryId=50000006&period=P1D,50000006,50000025.0,50001866.0,식품,아이스크림/빙수,빙수/빙수재료,2022-02-03 15:54:10,2022-02-03 15:54:10,Y
https://search.shopping.naver.com/best/category/purchase?categoryCategoryId=50000026&categoryChildCategoryId=&categoryDemo=A00&categoryMidCategoryId=50000026&categoryRootCategoryId=50000006&period=P1D,50000006,50000026.0,,식품,냉동/간편조리식품,,2022-02-03 15:54:10,2022-02-03 15:54:10,Y
https://search.shopping.naver.com/best/category/purchase?categoryCategoryId=50001867&categoryChildCategoryId=50001867&categoryDemo=A00&categoryMidCategoryId=50000026&categoryRootCategoryId=50000006&period=P1D,50000006,50000026.0,50001867.0,식품,냉동/간편조리식품,피자,2022-02-03 15:54:10,2022-02-03 15:54:10,Y
https://search.shopping.naver.com/best/category/purchase?categoryCategoryId=50001868&categoryChildCategoryId=50001868&categoryDemo=A00&categoryMidCategoryId=50000026&categoryRootCategoryId=50000006&period=P1D,50000006,50000026.0,50001868.0,식품,냉동/간편조리식품,핫도그,2022-02-03 15:54:10,2022-02-03 15:54:10,Y
https://search.shopping.naver.com/best/category/purchase?categoryCategoryId=50001869&categoryChildCategoryId=50001869&categoryDemo=A00&categoryMidCategoryId=50000026&categoryRootCategoryId=50000006&period=P1D,50000006,50000026.0,50001869.0,식품,냉동/간편조리식품,햄버거,2022-02-03 15:54:10,2022-02-03 15:54:10,Y
https://search.shopping.naver.com/best/category/purchase?categoryCategoryId=50001870&categoryChildCategoryId=50001870&categoryDemo=A00&categoryMidCategoryId=50000026&categoryRootCategoryId=50000006&period=P1D,50000006,50000026.0,50001870.0,식품,냉동/간편조리식품,딤섬,2022-02-03 15:54:10,2022-02-03 15:54:10,Y
https://search.shopping.naver.com/best/category/purchase?categoryCategoryId=50001871&categoryChildCategoryId=50001871&categoryDemo=A00&categoryMidCategoryId=50000026&categoryRootCategoryId=50000006&period=P1D,50000006,50000026.0,50001871.0,식품,냉동/간편조리식품,만두,2022-02-03 15:54:10,2022-02-03 15:54:10,Y
https://search.shopping.naver.com/best/category/purchase?categoryCategoryId=50001872&categoryChildCategoryId=50001872&categoryDemo=A00&categoryMidCategoryId=50000026&categoryRootCategoryId=50000006&period=P1D,50000006,50000026.0,50001872.0,식품,냉동/간편조리식품,채식푸드,2022-02-03 15:54:10,2022-02-03 15:54:10,Y
https://search.shopping.naver.com/best/category/purchase?categoryCategoryId=50001873&categoryChildCategoryId=50001873&categoryDemo=A00&categoryMidCategoryId=50000026&categoryRootCategoryId=50000006&period=P1D,50000006,50000026.0,50001873.0,식품,냉동/간편조리식품,샐러드,2022-02-03 15:54:10,2022-02-03 15:54:10,Y
https://search.shopping.naver.com/best/category/purchase?categoryCategoryId=50001874&categoryChildCategoryId=50001874&categoryDemo=A00&categoryMidCategoryId=50000026&categoryRootCategoryId=50000006&period=P1D,50000006,50000026.0,50001874.0,식품,냉동/간편조리식품,어묵,2022-02-03 15:54:10,2022-02-03 15:54:10,Y
https://search.shopping.naver.com/best/category/purchase?categoryCategoryId=50001876&categoryChildCategoryId=50001876&categoryDemo=A00&categoryMidCategoryId=50000026&categoryRootCategoryId=50000006&period=P1D,50000006,50000026.0,50001876.0,식품,냉동/간편조리식품,즉석국/즉석탕,2022-02-03 15:54:10,2022-02-03 15:54:10,Y
https://search.shopping.naver.com/best/category/purchase?categoryCategoryId=50001877&categoryChildCategoryId=50001877&categoryDemo=A00&categoryMidCategoryId=50000026&categoryRootCategoryId=50000006&period=P1D,50000006,50000026.0,50001877.0,식품,냉동/간편조리식품,튀김류,2022-02-03 15:54:10,2022-02-03 15:54:10,Y
https://search.shopping.naver.com/best/category/purchase?categoryCategoryId=50001878&categoryChildCategoryId=50001878&categoryDemo=A00&categoryMidCategoryId=50000026&categoryRootCategoryId=50000006&period=P1D,50000006,50000026.0,50001878.0,식품,냉동/간편조리식품,기타냉동/간편조리식품,2022-02-03 15:54:10,2022-02-03 15:54:10,Y
https://search.shopping.naver.com/best/category/purchase?categoryCategoryId=50006199&categoryChildCategoryId=50006199&categoryDemo=A00&categoryMidCategoryId=50000026&categoryRootCategoryId=50000006&period=P1D,50000006,50000026.0,50006199.0,식품,냉동/간편조리식품,도시락,2022-02-03 15:54:10,2022-02-03 15:54:10,Y
https://search.shopping.naver.com/best/category/purchase?categoryCategoryId=50000145&categoryChildCategoryId=&categoryDemo=A00&categoryMidCategoryId=50000145&categoryRootCategoryId=50000006&period=P1D,50000006,50000145.0,,식품,축산,,2022-02-03 15:54:10,2022-02-03 15:54:10,Y
https://search.shopping.naver.com/best/category/purchase?categoryCategoryId=50001170&categoryChildCategoryId=50001170&categoryDemo=A00&categoryMidCategoryId=50000145&categoryRootCategoryId=50000006&period=P1D,50000006,50000145.0,50001170.0,식품,축산,돼지고기,2022-02-03 15:54:10,2022-02-03 15:54:10,Y
https://search.shopping.naver.com/best/category/purchase?categoryCategoryId=50001171&categoryChildCategoryId=50001171&categoryDemo=A00&categoryMidCategoryId=50000145&categoryRootCategoryId=50000006&period=P1D,50000006,50000145.0,50001171.0,식품,축산,쇠고기,2022-02-03 15:54:10,2022-02-03 15:54:10,Y
https://search.shopping.naver.com/best/category/purchase?categoryCategoryId=50001172&categoryChildCategoryId=50001172&categoryDemo=A00&categoryMidCategoryId=50000145&categoryRootCategoryId=50000006&period=P1D,50000006,50000145.0,50001172.0,식품,축산,닭고기,2022-02-03 15:54:10,2022-02-03 15:54:10,Y
https://search.shopping.naver.com/best/category/purchase?categoryCategoryId=50001173&categoryChildCategoryId=50001173&categoryDemo=A00&categoryMidCategoryId=50000145&categoryRootCategoryId=50000006&period=P1D,50000006,50000145.0,50001173.0,식품,축산,알류,2022-02-03 15:54:10,2022-02-03 15:54:10,Y
https://search.shopping.naver.com/best/category/purchase?categoryCategoryId=50001174&categoryChildCategoryId=50001174&categoryDemo=A00&categoryMidCategoryId=50000145&categoryRootCategoryId=50000006&period=P1D,50000006,50000145.0,50001174.0,식품,축산,축산가공식품,2022-02-03 15:54:10,2022-02-03 15:54:10,Y
https://search.shopping.naver.com/best/category/purchase?categoryCategoryId=50000146&categoryChildCategoryId=&categoryDemo=A00&categoryMidCategoryId=50000146&categoryRootCategoryId=50000006&period=P1D,50000006,50000146.0,,식품,반찬,,2022-02-03 15:54:10,2022-02-03 15:54:10,Y
https://search.shopping.naver.com/best/category/purchase?categoryCategoryId=50001916&categoryChildCategoryId=50001916&categoryDemo=A00&categoryMidCategoryId=50000146&categoryRootCategoryId=50000006&period=P1D,50000006,50000146.0,50001916.0,식품,반찬,장아찌,2022-02-03 15:54:10,2022-02-03 15:54:10,Y
https://search.shopping.naver.com/best/category/purchase?categoryCategoryId=50001917&categoryChildCategoryId=50001917&categoryDemo=A00&categoryMidCategoryId=50000146&categoryRootCategoryId=50000006&period=P1D,50000006,50000146.0,50001917.0,식품,반찬,장조림,2022-02-03 15:54:10,2022-02-03 15:54:10,Y
https://search.shopping.naver.com/best/category/purchase?categoryCategoryId=50002015&categoryChildCategoryId=50002015&categoryDemo=A00&categoryMidCategoryId=50000146&categoryRootCategoryId=50000006&period=P1D,50000006,50000146.0,50002015.0,식품,반찬,절임류,2022-02-03 15:54:10,2022-02-03 15:54:10,Y
https://search.shopping.naver.com/best/category/purchase?categoryCategoryId=50002017&categoryChildCategoryId=50002017&categoryDemo=A00&categoryMidCategoryId=50000146&categoryRootCategoryId=50000006&period=P1D,50000006,50000146.0,50002017.0,식품,반찬,반찬세트,2022-02-03 15:54:10,2022-02-03 15:54:10,Y
https://search.shopping.naver.com/best/category/purchase?categoryCategoryId=50002018&categoryChildCategoryId=50002018&categoryDemo=A00&categoryMidCategoryId=50000146&categoryRootCategoryId=50000006&period=P1D,50000006,50000146.0,50002018.0,식품,반찬,기타반찬류,2022-02-03 15:54:10,2022-02-03 15:54:10,Y
https://search.shopping.naver.com/best/category/purchase?categoryCategoryId=50000147&categoryChildCategoryId=&categoryDemo=A00&categoryMidCategoryId=50000147&categoryRootCategoryId=50000006&period=P1D,50000006,50000147.0,,식품,김치,,2022-02-03 15:54:10,2022-02-03 15:54:10,Y
https://search.shopping.naver.com/best/category/purchase?categoryCategoryId=50002019&categoryChildCategoryId=50002019&categoryDemo=A00&categoryMidCategoryId=50000147&categoryRootCategoryId=50000006&period=P1D,50000006,50000147.0,50002019.0,식품,김치,포기김치,2022-02-03 15:54:10,2022-02-03 15:54:10,Y
https://search.shopping.naver.com/best/category/purchase?categoryCategoryId=50002020&categoryChildCategoryId=50002020&categoryDemo=A00&categoryMidCategoryId=50000147&categoryRootCategoryId=50000006&period=P1D,50000006,50000147.0,50002020.0,식품,김치,갓김치,2022-02-03 15:54:10,2022-02-03 15:54:10,Y
https://search.shopping.naver.com/best/category/purchase?categoryCategoryId=50002021&categoryChildCategoryId=50002021&categoryDemo=A00&categoryMidCategoryId=50000147&categoryRootCategoryId=50000006&period=P1D,50000006,50000147.0,50002021.0,식품,김치,총각김치,2022-02-03 15:54:10,2022-02-03 15:54:10,Y
https://search.shopping.naver.com/best/category/purchase?categoryCategoryId=50002022&categoryChildCategoryId=50002022&categoryDemo=A00&categoryMidCategoryId=50000147&categoryRootCategoryId=50000006&period=P1D,50000006,50000147.0,50002022.0,식품,김치,깍두기,2022-02-03 15:54:10,2022-02-03 15:54:10,Y
https://search.shopping.naver.com/best/category/purchase?categoryCategoryId=50002023&categoryChildCategoryId=50002023&categoryDemo=A00&categoryMidCategoryId=50000147&categoryRootCategoryId=50000006&period=P1D,50000006,50000147.0,50002023.0,식품,김치,겉절이,2022-02-03 15:54:10,2022-02-03 15:54:10,Y
https://search.shopping.naver.com/best/category/purchase?categoryCategoryId=50002025&categoryChildCategoryId=50002025&categoryDemo=A00&categoryMidCategoryId=50000147&categoryRootCategoryId=50000006&period=P1D,50000006,50000147.0,50002025.0,식품,김치,동치미,2022-02-03 15:54:10,2022-02-03 15:54:10,Y
https://search.shopping.naver.com/best/category/purchase?categoryCategoryId=50002026&categoryChildCategoryId=50002026&categoryDemo=A00&categoryMidCategoryId=50000147&categoryRootCategoryId=50000006&period=P1D,50000006,50000147.0,50002026.0,식품,김치,묵은지,2022-02-03 15:54:10,2022-02-03 15:54:10,Y
https://search.shopping.naver.com/best/category/purchase?categoryCategoryId=50002027&categoryChildCategoryId=50002027&categoryDemo=A00&categoryMidCategoryId=50000147&categoryRootCategoryId=50000006&period=P1D,50000006,50000147.0,50002027.0,식품,김치,백김치,2022-02-03 15:54:10,2022-02-03 15:54:10,Y
https://search.shopping.naver.com/best/category/purchase?categoryCategoryId=50002029&categoryChildCategoryId=50002029&categoryDemo=A00&categoryMidCategoryId=50000147&categoryRootCategoryId=50000006&period=P1D,50000006,50000147.0,50002029.0,식품,김치,파김치,2022-02-03 15:54:10,2022-02-03 15:54:10,Y
https://search.shopping.naver.com/best/category/purchase?categoryCategoryId=50002030&categoryChildCategoryId=50002030&categoryDemo=A00&categoryMidCategoryId=50000147&categoryRootCategoryId=50000006&period=P1D,50000006,50000147.0,50002030.0,식품,김치,별미김치,2022-02-03 15:54:10,2022-02-03 15:54:10,Y
https://search.shopping.naver.com/best/category/purchase?categoryCategoryId=50002031&categoryChildCategoryId=50002031&categoryDemo=A00&categoryMidCategoryId=50000147&categoryRootCategoryId=50000006&period=P1D,50000006,50000147.0,50002031.0,식품,김치,절임배추,2022-02-03 15:54:10,2022-02-03 15:54:10,Y
https://search.shopping.naver.com/best/category/purchase?categoryCategoryId=50000148&categoryChildCategoryId=&categoryDemo=A00&categoryMidCategoryId=50000148&categoryRootCategoryId=50000006&period=P1D,50000006,50000148.0,,식품,음료,,2022-02-03 15:54:10,2022-02-03 15:54:10,Y
https://search.shopping.naver.com/best/category/purchase?categoryCategoryId=50001079&categoryChildCategoryId=50001079&categoryDemo=A00&categoryMidCategoryId=50000148&categoryRootCategoryId=50000006&period=P1D,50000006,50000148.0,50001079.0,식품,음료,청량/탄산음료,2022-02-03 15:54:10,2022-02-03 15:54:10,Y
https://search.shopping.naver.com/best/category/purchase?categoryCategoryId=50001080&categoryChildCategoryId=50001080&categoryDemo=A00&categoryMidCategoryId=50000148&categoryRootCategoryId=50000006&period=P1D,50000006,50000148.0,50001080.0,식품,음료,주스/과즙음료,2022-02-03 15:54:10,2022-02-03 15:54:10,Y
https://search.shopping.naver.com/best/category/purchase?categoryCategoryId=50001081&categoryChildCategoryId=50001081&categoryDemo=A00&categoryMidCategoryId=50000148&categoryRootCategoryId=50000006&period=P1D,50000006,50000148.0,50001081.0,식품,음료,커피,2022-02-03 15:54:10,2022-02-03 15:54:10,Y
https://search.shopping.naver.com/best/category/purchase?categoryCategoryId=50001082&categoryChildCategoryId=50001082&categoryDemo=A00&categoryMidCategoryId=50000148&categoryRootCategoryId=50000006&period=P1D,50000006,50000148.0,50001082.0,식품,음료,차류,2022-02-03 15:54:10,2022-02-03 15:54:10,Y
https://search.shopping.naver.com/best/category/purchase?categoryCategoryId=50002032&categoryChildCategoryId=50002032&categoryDemo=A00&categoryMidCategoryId=50000148&categoryRootCategoryId=50000006&period=P1D,50000006,50000148.0,50002032.0,식품,음료,생수,2022-02-03 15:54:10,2022-02-03 15:54:10,Y
https://search.shopping.naver.com/best/category/purchase?categoryCategoryId=50002033&categoryChildCategoryId=50002033&categoryDemo=A00&categoryMidCategoryId=50000148&categoryRootCategoryId=50000006&period=P1D,50000006,50000148.0,50002033.0,식품,음료,탄산수,2022-02-03 15:54:10,2022-02-03 15:54:10,Y
https://search.shopping.naver.com/best/category/purchase?categoryCategoryId=50000149&categoryChildCategoryId=&categoryDemo=A00&categoryMidCategoryId=50000149&categoryRootCategoryId=50000006&period=P1D,50000006,50000149.0,,식품,과자,,2022-02-03 15:54:10,2022-02-03 15:54:10,Y
https://search.shopping.naver.com/best/category/purchase?categoryCategoryId=50001762&categoryChildCategoryId=50001762&categoryDemo=A00&categoryMidCategoryId=50000149&categoryRootCategoryId=50000006&period=P1D,50000006,50000149.0,50001762.0,식품,과자,엿,2022-02-03 15:54:10,2022-02-03 15:54:10,Y
https://search.shopping.naver.com/best/category/purchase?categoryCategoryId=50001763&categoryChildCategoryId=50001763&categoryDemo=A00&categoryMidCategoryId=50000149&categoryRootCategoryId=50000006&period=P1D,50000006,50000149.0,50001763.0,식품,과자,젤리,2022-02-03 15:54:10,2022-02-03 15:54:10,Y
https://search.shopping.naver.com/best/category/purchase?categoryCategoryId=50001764&categoryChildCategoryId=50001764&categoryDemo=A00&categoryMidCategoryId=50000149&categoryRootCategoryId=50000006&period=P1D,50000006,50000149.0,50001764.0,식품,과자,푸딩,2022-02-03 15:54:10,2022-02-03 15:54:10,Y
https://search.shopping.naver.com/best/category/purchase?categoryCategoryId=50001765&categoryChildCategoryId=50001765&categoryDemo=A00&categoryMidCategoryId=50000149&categoryRootCategoryId=50000006&period=P1D,50000006,50000149.0,50001765.0,식품,과자,캐러멜,2022-02-03 15:54:10,2022-02-03 15:54:10,Y
https://search.shopping.naver.com/best/category/purchase?categoryCategoryId=50001918&categoryChildCategoryId=50001918&categoryDemo=A00&categoryMidCategoryId=50000149&categoryRootCategoryId=50000006&period=P1D,50000006,50000149.0,50001918.0,식품,과자,팝콘/강냉이류,2022-02-03 15:54:10,2022-02-03 15:54:10,Y
https://search.shopping.naver.com/best/category/purchase?categoryCategoryId=50001919&categoryChildCategoryId=50001919&categoryDemo=A00&categoryMidCategoryId=50000149&categoryRootCategoryId=50000006&period=P1D,50000006,50000149.0,50001919.0,식품,과자,강정,2022-02-03 15:54:10,2022-02-03 15:54:10,Y
https://search.shopping.naver.com/best/category/purchase?categoryCategoryId=50001920&categoryChildCategoryId=50001920&categoryDemo=A00&categoryMidCategoryId=50000149&categoryRootCategoryId=50000006&period=P1D,50000006,50000149.0,50001920.0,식품,과자,가공안주류,2022-02-03 15:54:10,2022-02-03 15:54:10,Y
https://search.shopping.naver.com/best/category/purchase?categoryCategoryId=50001921&categoryChildCategoryId=50001921&categoryDemo=A00&categoryMidCategoryId=50000149&categoryRootCategoryId=50000006&period=P1D,50000006,50000149.0,50001921.0,식품,과자,기타과자,2022-02-03 15:54:10,2022-02-03 15:54:10,Y
https://search.shopping.naver.com/best/category/purchase?categoryCategoryId=50001998&categoryChildCategoryId=50001998&categoryDemo=A00&categoryMidCategoryId=50000149&categoryRootCategoryId=50000006&period=P1D,50000006,50000149.0,50001998.0,식품,과자,스낵,2022-02-03 15:54:10,2022-02-03 15:54:10,Y
https://search.shopping.naver.com/best/category/purchase?categoryCategoryId=50001999&categoryChildCategoryId=50001999&categoryDemo=A00&categoryMidCategoryId=50000149&categoryRootCategoryId=50000006&period=P1D,50000006,50000149.0,50001999.0,식품,과자,쿠키,2022-02-03 15:54:10,2022-02-03 15:54:10,Y
https://search.shopping.naver.com/best/category/purchase?categoryCategoryId=50002000&categoryChildCategoryId=50002000&categoryDemo=A00&categoryMidCategoryId=50000149&categoryRootCategoryId=50000006&period=P1D,50000006,50000149.0,50002000.0,식품,과자,초콜릿,2022-02-03 15:54:10,2022-02-03 15:54:10,Y
https://search.shopping.naver.com/best/category/purchase?categoryCategoryId=50002001&categoryChildCategoryId=50002001&categoryDemo=A00&categoryMidCategoryId=50000149&categoryRootCategoryId=50000006&period=P1D,50000006,50000149.0,50002001.0,식품,과자,사탕,2022-02-03 15:54:10,2022-02-03 15:54:10,Y
https://search.shopping.naver.com/best/category/purchase?categoryCategoryId=50002002&categoryChildCategoryId=50002002&categoryDemo=A00&categoryMidCategoryId=50000149&categoryRootCategoryId=50000006&period=P1D,50000006,50000149.0,50002002.0,식품,과자,껌,2022-02-03 15:54:10,2022-02-03 15:54:10,Y
https://search.shopping.naver.com/best/category/purchase?categoryCategoryId=50002003&categoryChildCategoryId=50002003&categoryDemo=A00&categoryMidCategoryId=50000149&categoryRootCategoryId=50000006&period=P1D,50000006,50000149.0,50002003.0,식품,과자,한과,2022-02-03 15:54:10,2022-02-03 15:54:10,Y
https://search.shopping.naver.com/best/category/purchase?categoryCategoryId=50002004&categoryChildCategoryId=50002004&categoryDemo=A00&categoryMidCategoryId=50000149&categoryRootCategoryId=50000006&period=P1D,50000006,50000149.0,50002004.0,식품,과자,전병,2022-02-03 15:54:10,2022-02-03 15:54:10,Y
https://search.shopping.naver.com/best/category/purchase?categoryCategoryId=50002005&categoryChildCategoryId=50002005&categoryDemo=A00&categoryMidCategoryId=50000149&categoryRootCategoryId=50000006&period=P1D,50000006,50000149.0,50002005.0,식품,과자,화과자,2022-02-03 15:54:10,2022-02-03 15:54:10,Y
https://search.shopping.naver.com/best/category/purchase?categoryCategoryId=50000150&categoryChildCategoryId=&categoryDemo=A00&categoryMidCategoryId=50000150&categoryRootCategoryId=50000006&period=P1D,50000006,50000150.0,,식품,가공식품,,2022-02-03 15:54:10,2022-02-03 15:54:10,Y
https://search.shopping.naver.com/best/category/purchase?categoryCategoryId=50001083&categoryChildCategoryId=50001083&categoryDemo=A00&categoryMidCategoryId=50000150&categoryRootCategoryId=50000006&period=P1D,50000006,50000150.0,50001083.0,식품,가공식품,라면,2022-02-03 15:54:10,2022-02-03 15:54:10,Y
https://search.shopping.naver.com/best/category/purchase?categoryCategoryId=50001084&categoryChildCategoryId=50001084&categoryDemo=A00&categoryMidCategoryId=50000150&categoryRootCategoryId=50000006&period=P1D,50000006,50000150.0,50001084.0,식품,가공식품,면류,2022-02-03 15:54:10,2022-02-03 15:54:10,Y
https://search.shopping.naver.com/best/category/purchase?categoryCategoryId=50001085&categoryChildCategoryId=50001085&categoryDemo=A00&categoryMidCategoryId=50000150&categoryRootCategoryId=50000006&period=P1D,50000006,50000150.0,50001085.0,식품,가공식품,치즈,2022-02-03 15:54:10,2022-02-03 15:54:10,Y
https://search.shopping.naver.com/best/category/purchase?categoryCategoryId=50001086&categoryChildCategoryId=50001086&categoryDemo=A00&categoryMidCategoryId=50000150&categoryRootCategoryId=50000006&period=P1D,50000006,50000150.0,50001086.0,식품,가공식품,조미료,2022-02-03 15:54:10,2022-02-03 15:54:10,Y
https://search.shopping.naver.com/best/category/purchase?categoryCategoryId=50001087&categoryChildCategoryId=50001087&categoryDemo=A00&categoryMidCategoryId=50000150&categoryRootCategoryId=50000006&period=P1D,50000006,50000150.0,50001087.0,식품,가공식품,식용유/오일,2022-02-03 15:54:10,2022-02-03 15:54:10,Y
https://search.shopping.naver.com/best/category/purchase?categoryCategoryId=50001088&categoryChildCategoryId=50001088&categoryDemo=A00&categoryMidCategoryId=50000150&categoryRootCategoryId=50000006&period=P1D,50000006,50000150.0,50001088.0,식품,가공식품,장류,2022-02-03 15:54:10,2022-02-03 15:54:10,Y
https://search.shopping.naver.com/best/category/purchase?categoryCategoryId=50001089&categoryChildCategoryId=50001089&categoryDemo=A00&categoryMidCategoryId=50000150&categoryRootCategoryId=50000006&period=P1D,50000006,50000150.0,50001089.0,식품,가공식품,소스,2022-02-03 15:54:10,2022-02-03 15:54:10,Y
https://search.shopping.naver.com/best/category/purchase?categoryCategoryId=50001094&categoryChildCategoryId=50001094&categoryDemo=A00&categoryMidCategoryId=50000150&categoryRootCategoryId=50000006&period=P1D,50000006,50000150.0,50001094.0,식품,가공식품,수산가공식품,2022-02-03 15:54:10,2022-02-03 15:54:10,Y
https://search.shopping.naver.com/best/category/purchase?categoryCategoryId=50001754&categoryChildCategoryId=50001754&categoryDemo=A00&categoryMidCategoryId=50000150&categoryRootCategoryId=50000006&period=P1D,50000006,50000150.0,50001754.0,식품,가공식품,기타분말가루,2022-02-03 15:54:10,2022-02-03 15:54:10,Y
https://search.shopping.naver.com/best/category/purchase?categoryCategoryId=50001755&categoryChildCategoryId=50001755&categoryDemo=A00&categoryMidCategoryId=50000150&categoryRootCategoryId=50000006&period=P1D,50000006,50000150.0,50001755.0,식품,가공식품,물엿,2022-02-03 15:54:10,2022-02-03 15:54:10,Y
https://search.shopping.naver.com/best/category/purchase?categoryCategoryId=50001756&categoryChildCategoryId=50001756&categoryDemo=A00&categoryMidCategoryId=50000150&categoryRootCategoryId=50000006&period=P1D,50000006,50000150.0,50001756.0,식품,가공식품,요구르트,2022-02-03 15:54:10,2022-02-03 15:54:10,Y
https://search.shopping.naver.com/best/category/purchase?categoryCategoryId=50001757&categoryChildCategoryId=50001757&categoryDemo=A00&categoryMidCategoryId=50000150&categoryRootCategoryId=50000006&period=P1D,50000006,50000150.0,50001757.0,식품,가공식품,생크림,2022-02-03 15:54:10,2022-02-03 15:54:10,Y
https://search.shopping.naver.com/best/category/purchase?categoryCategoryId=50001759&categoryChildCategoryId=50001759&categoryDemo=A00&categoryMidCategoryId=50000150&categoryRootCategoryId=50000006&period=P1D,50000006,50000150.0,50001759.0,식품,가공식품,버터,2022-02-03 15:54:10,2022-02-03 15:54:10,Y
https://search.shopping.naver.com/best/category/purchase?categoryCategoryId=50001761&categoryChildCategoryId=50001761&categoryDemo=A00&categoryMidCategoryId=50000150&categoryRootCategoryId=50000006&period=P1D,50000006,50000150.0,50001761.0,식품,가공식품,누룽지,2022-02-03 15:54:10,2022-02-03 15:54:10,Y
https://search.shopping.naver.com/best/category/purchase?categoryCategoryId=50001879&categoryChildCategoryId=50001879&categoryDemo=A00&categoryMidCategoryId=50000150&categoryRootCategoryId=50000006&period=P1D,50000006,50000150.0,50001879.0,식품,가공식품,부침가루,2022-02-03 15:54:10,2022-02-03 15:54:10,Y
https://search.shopping.naver.com/best/category/purchase?categoryCategoryId=50001881&categoryChildCategoryId=50001881&categoryDemo=A00&categoryMidCategoryId=50000150&categoryRootCategoryId=50000006&period=P1D,50000006,50000150.0,50001881.0,식품,가공식품,오트밀,2022-02-03 15:54:10,2022-02-03 15:54:10,Y
https://search.shopping.naver.com/best/category/purchase?categoryCategoryId=50001882&categoryChildCategoryId=50001882&categoryDemo=A00&categoryMidCategoryId=50000150&categoryRootCategoryId=50000006&period=P1D,50000006,50000150.0,50001882.0,식품,가공식품,통조림,2022-02-03 15:54:10,2022-02-03 15:54:10,Y
https://search.shopping.naver.com/best/category/purchase?categoryCategoryId=50001883&categoryChildCategoryId=50001883&categoryDemo=A00&categoryMidCategoryId=50000150&categoryRootCategoryId=50000006&period=P1D,50000006,50000150.0,50001883.0,식품,가공식품,밀가루,2022-02-03 15:54:10,2022-02-03 15:54:10,Y
https://search.shopping.naver.com/best/category/purchase?categoryCategoryId=50001884&categoryChildCategoryId=50001884&categoryDemo=A00&categoryMidCategoryId=50000150&categoryRootCategoryId=50000006&period=P1D,50000006,50000150.0,50001884.0,식품,가공식품,설탕,2022-02-03 15:54:10,2022-02-03 15:54:10,Y
https://search.shopping.naver.com/best/category/purchase?categoryCategoryId=50001885&categoryChildCategoryId=50001885&categoryDemo=A00&categoryMidCategoryId=50000150&categoryRootCategoryId=50000006&period=P1D,50000006,50000150.0,50001885.0,식품,가공식품,소금,2022-02-03 15:54:10,2022-02-03 15:54:10,Y
https://search.shopping.naver.com/best/category/purchase?categoryCategoryId=50001886&categoryChildCategoryId=50001886&categoryDemo=A00&categoryMidCategoryId=50000150&categoryRootCategoryId=50000006&period=P1D,50000006,50000150.0,50001886.0,식품,가공식품,시럽,2022-02-03 15:54:10,2022-02-03 15:54:10,Y
https://search.shopping.naver.com/best/category/purchase?categoryCategoryId=50001887&categoryChildCategoryId=50001887&categoryDemo=A00&categoryMidCategoryId=50000150&categoryRootCategoryId=50000006&period=P1D,50000006,50000150.0,50001887.0,식품,가공식품,잼,2022-02-03 15:54:10,2022-02-03 15:54:10,Y
https://search.shopping.naver.com/best/category/purchase?categoryCategoryId=50001888&categoryChildCategoryId=50001888&categoryDemo=A00&categoryMidCategoryId=50000150&categoryRootCategoryId=50000006&period=P1D,50000006,50000150.0,50001888.0,식품,가공식품,떡,2022-02-03 15:54:10,2022-02-03 15:54:10,Y
https://search.shopping.naver.com/best/category/purchase?categoryCategoryId=50001889&categoryChildCategoryId=50001889&categoryDemo=A00&categoryMidCategoryId=50000150&categoryRootCategoryId=50000006&period=P1D,50000006,50000150.0,50001889.0,식품,가공식품,빵,2022-02-03 15:54:10,2022-02-03 15:54:10,Y
https://search.shopping.naver.com/best/category/purchase?categoryCategoryId=50001891&categoryChildCategoryId=50001891&categoryDemo=A00&categoryMidCategoryId=50000150&categoryRootCategoryId=50000006&period=P1D,50000006,50000150.0,50001891.0,식품,가공식품,케이크,2022-02-03 15:54:10,2022-02-03 15:54:10,Y
https://search.shopping.naver.com/best/category/purchase?categoryCategoryId=50001892&categoryChildCategoryId=50001892&categoryDemo=A00&categoryMidCategoryId=50000150&categoryRootCategoryId=50000006&period=P1D,50000006,50000150.0,50001892.0,식품,가공식품,죽,2022-02-03 15:54:10,2022-02-03 15:54:10,Y
https://search.shopping.naver.com/best/category/purchase?categoryCategoryId=50001894&categoryChildCategoryId=50001894&categoryDemo=A00&categoryMidCategoryId=50000150&categoryRootCategoryId=50000006&period=P1D,50000006,50000150.0,50001894.0,식품,가공식품,간편조리식,2022-02-03 15:54:10,2022-02-03 15:54:10,Y
https://search.shopping.naver.com/best/category/purchase?categoryCategoryId=50001895&categoryChildCategoryId=50001895&categoryDemo=A00&categoryMidCategoryId=50000150&categoryRootCategoryId=50000006&period=P1D,50000006,50000150.0,50001895.0,식품,가공식품,제과/제빵재료,2022-02-03 15:54:10,2022-02-03 15:54:10,Y
https://search.shopping.naver.com/best/category/purchase?categoryCategoryId=50002006&categoryChildCategoryId=50002006&categoryDemo=A00&categoryMidCategoryId=50000150&categoryRootCategoryId=50000006&period=P1D,50000006,50000150.0,50002006.0,식품,가공식품,우유,2022-02-03 15:54:10,2022-02-03 15:54:10,Y
https://search.shopping.naver.com/best/category/purchase?categoryCategoryId=50002007&categoryChildCategoryId=50002007&categoryDemo=A00&categoryMidCategoryId=50000150&categoryRootCategoryId=50000006&period=P1D,50000006,50000150.0,50002007.0,식품,가공식품,두유,2022-02-03 15:54:10,2022-02-03 15:54:10,Y
https://search.shopping.naver.com/best/category/purchase?categoryCategoryId=50002008&categoryChildCategoryId=50002008&categoryDemo=A00&categoryMidCategoryId=50000150&categoryRootCategoryId=50000006&period=P1D,50000006,50000150.0,50002008.0,식품,가공식품,시리얼,2022-02-03 15:54:10,2022-02-03 15:54:10,Y
https://search.shopping.naver.com/best/category/purchase?categoryCategoryId=50006198&categoryChildCategoryId=50006198&categoryDemo=A00&categoryMidCategoryId=50000150&categoryRootCategoryId=50000006&period=P1D,50000006,50000150.0,50006198.0,식품,가공식품,파우더/스무디,2022-02-03 15:54:10,2022-02-03 15:54:10,Y
https://search.shopping.naver.com/best/category/purchase?categoryCategoryId=50006808&categoryChildCategoryId=50006808&categoryDemo=A00&categoryMidCategoryId=50000150&categoryRootCategoryId=50000006&period=P1D,50000006,50000150.0,50006808.0,식품,가공식품,쿠킹박스,2022-02-03 15:54:10,2022-02-03 15:54:10,Y
https://search.shopping.naver.com/best/category/purchase?categoryCategoryId=50000159&categoryChildCategoryId=&categoryDemo=A00&categoryMidCategoryId=50000159&categoryRootCategoryId=50000006&period=P1D,50000006,50000159.0,,식품,수산,,2022-02-03 15:54:10,2022-02-03 15:54:10,Y
https://search.shopping.naver.com/best/category/purchase?categoryCategoryId=50001049&categoryChildCategoryId=50001049&categoryDemo=A00&categoryMidCategoryId=50000159&categoryRootCategoryId=50000006&period=P1D,50000006,50000159.0,50001049.0,식품,수산,해산물/어패류,2022-02-03 15:54:10,2022-02-03 15:54:10,Y
https://search.shopping.naver.com/best/category/purchase?categoryCategoryId=50001050&categoryChildCategoryId=50001050&categoryDemo=A00&categoryMidCategoryId=50000159&categoryRootCategoryId=50000006&period=P1D,50000006,50000159.0,50001050.0,식품,수산,젓갈,2022-02-03 15:54:10,2022-02-03 15:54:10,Y
https://search.shopping.naver.com/best/category/purchase?categoryCategoryId=50001051&categoryChildCategoryId=50001051&categoryDemo=A00&categoryMidCategoryId=50000159&categoryRootCategoryId=50000006&period=P1D,50000006,50000159.0,50001051.0,식품,수산,건어물,2022-02-03 15:54:10,2022-02-03 15:54:10,Y
https://search.shopping.naver.com/best/category/purchase?categoryCategoryId=50001175&categoryChildCategoryId=50001175&categoryDemo=A00&categoryMidCategoryId=50000159&categoryRootCategoryId=50000006&period=P1D,50000006,50000159.0,50001175.0,식품,수산,생선,2022-02-03 15:54:10,2022-02-03 15:54:10,Y
https://search.shopping.naver.com/best/category/purchase?categoryCategoryId=50001176&categoryChildCategoryId=50001176&categoryDemo=A00&categoryMidCategoryId=50000159&categoryRootCategoryId=50000006&period=P1D,50000006,50000159.0,50001176.0,식품,수산,김/해초,2022-02-03 15:54:10,2022-02-03 15:54:10,Y
https://search.shopping.naver.com/best/category/purchase?categoryCategoryId=50000160&categoryChildCategoryId=&categoryDemo=A00&categoryMidCategoryId=50000160&categoryRootCategoryId=50000006&period=P1D,50000006,50000160.0,,식품,농산물,,2022-02-03 15:54:10,2022-02-03 15:54:10,Y
https://search.shopping.naver.com/best/category/purchase?categoryCategoryId=50000960&categoryChildCategoryId=50000960&categoryDemo=A00&categoryMidCategoryId=50000160&categoryRootCategoryId=50000006&period=P1D,50000006,50000160.0,50000960.0,식품,농산물,과일,2022-02-03 15:54:10,2022-02-03 15:54:10,Y
https://search.shopping.naver.com/best/category/purchase?categoryCategoryId=50001052&categoryChildCategoryId=50001052&categoryDemo=A00&categoryMidCategoryId=50000160&categoryRootCategoryId=50000006&period=P1D,50000006,50000160.0,50001052.0,식품,농산물,쌀,2022-02-03 15:54:10,2022-02-03 15:54:10,Y
https://search.shopping.naver.com/best/category/purchase?categoryCategoryId=50001053&categoryChildCategoryId=50001053&categoryDemo=A00&categoryMidCategoryId=50000160&categoryRootCategoryId=50000006&period=P1D,50000006,50000160.0,50001053.0,식품,농산물,잡곡/혼합곡,2022-02-03 15:54:10,2022-02-03 15:54:10,Y
https://search.shopping.naver.com/best/category/purchase?categoryCategoryId=50001077&categoryChildCategoryId=50001077&categoryDemo=A00&categoryMidCategoryId=50000160&categoryRootCategoryId=50000006&period=P1D,50000006,50000160.0,50001077.0,식품,농산물,채소,2022-02-03 15:54:10,2022-02-03 15:54:10,Y
https://search.shopping.naver.com/best/category/purchase?categoryCategoryId=50001078&categoryChildCategoryId=50001078&categoryDemo=A00&categoryMidCategoryId=50000160&categoryRootCategoryId=50000006&period=P1D,50000006,50000160.0,50001078.0,식품,농산물,견과류,2022-02-03 15:54:10,2022-02-03 15:54:10,Y
https://search.shopping.naver.com/best/category/purchase?categoryCategoryId=50001093&categoryChildCategoryId=50001093&categoryDemo=A00&categoryMidCategoryId=50000160&categoryRootCategoryId=50000006&period=P1D,50000006,50000160.0,50001093.0,식품,농산물,건과류,2022-02-03 15:54:10,2022-02-03 15:54:10,Y
https://search.shopping.naver.com/best/category/purchase?categoryCategoryId=50006349&categoryChildCategoryId=&categoryDemo=A00&categoryMidCategoryId=50006349&categoryRootCategoryId=50000006&period=P1D,50000006,50006349.0,,식품,전통주,,2022-02-03 15:54:10,2022-02-03 15:54:10,Y
https://search.shopping.naver.com/best/category/purchase?categoryCategoryId=50006350&categoryChildCategoryId=50006350&categoryDemo=A00&categoryMidCategoryId=50006349&categoryRootCategoryId=50000006&period=P1D,50000006,50006349.0,50006350.0,식품,전통주,탁주,2022-02-03 15:54:10,2022-02-03 15:54:10,Y
https://search.shopping.naver.com/best/category/purchase?categoryCategoryId=50006351&categoryChildCategoryId=50006351&categoryDemo=A00&categoryMidCategoryId=50006349&categoryRootCategoryId=50000006&period=P1D,50000006,50006349.0,50006351.0,식품,전통주,약주,2022-02-03 15:54:10,2022-02-03 15:54:10,Y
https://search.shopping.naver.com/best/category/purchase?categoryCategoryId=50006353&categoryChildCategoryId=50006353&categoryDemo=A00&categoryMidCategoryId=50006349&categoryRootCategoryId=50000006&period=P1D,50000006,50006349.0,50006353.0,식품,전통주,소주,2022-02-03 15:54:10,2022-02-03 15:54:10,Y
https://search.shopping.naver.com/best/category/purchase?categoryCategoryId=50006354&categoryChildCategoryId=50006354&categoryDemo=A00&categoryMidCategoryId=50006349&categoryRootCategoryId=50000006&period=P1D,50000006,50006349.0,50006354.0,식품,전통주,일반증류주,2022-02-03 15:54:10,2022-02-03 15:54:10,Y
https://search.shopping.naver.com/best/category/purchase?categoryCategoryId=50006948&categoryChildCategoryId=50006948&categoryDemo=A00&categoryMidCategoryId=50006349&categoryRootCategoryId=50000006&period=P1D,50000006,50006349.0,50006948.0,식품,전통주,과실주,2022-02-03 15:54:10,2022-02-03 15:54:10,Y
https://search.shopping.naver.com/best/category/purchase?categoryCategoryId=50006952&categoryChildCategoryId=50006952&categoryDemo=A00&categoryMidCategoryId=50006349&categoryRootCategoryId=50000006&period=P1D,50000006,50006349.0,50006952.0,식품,전통주,전통주선물세트,2022-02-03 15:54:10,2022-02-03 15:54:10,Y
https://search.shopping.naver.com/best/category/purchase?categoryCategoryId=50000007&categoryDemo=A00&categoryRootCategoryId=50000007&period=P1D,50000007,,,스포츠/레저,,,2022-02-03 15:54:10,2022-02-03 15:54:10,Y
https://search.shopping.naver.com/best/category/purchase?categoryCategoryId=50000020&categoryChildCategoryId=&categoryDemo=A00&categoryMidCategoryId=50000020&categoryRootCategoryId=50000007&period=P1D,50000007,50000020.0,,스포츠/레저,마라톤용품,,2022-02-03 15:54:10,2022-02-03 15:54:10,Y
https://search.shopping.naver.com/best/category/purchase?categoryCategoryId=50000021&categoryChildCategoryId=&categoryDemo=A00&categoryMidCategoryId=50000021&categoryRootCategoryId=50000007&period=P1D,50000007,50000021.0,,스포츠/레저,당구용품,,2022-02-03 15:54:10,2022-02-03 15:54:10,Y
https://search.shopping.naver.com/best/category/purchase?categoryCategoryId=50000022&categoryChildCategoryId=&categoryDemo=A00&categoryMidCategoryId=50000022&categoryRootCategoryId=50000007&period=P1D,50000007,50000022.0,,스포츠/레저,기타스포츠용품,,2022-02-03 15:54:10,2022-02-03 15:54:10,Y
https://search.shopping.naver.com/best/category/purchase?categoryCategoryId=50000027&categoryChildCategoryId=&categoryDemo=A00&categoryMidCategoryId=50000027&categoryRootCategoryId=50000007&period=P1D,50000007,50000027.0,,스포츠/레저,등산,,2022-02-03 15:54:10,2022-02-03 15:54:10,Y
https://search.shopping.naver.com/best/category/purchase?categoryCategoryId=50001096&categoryChildCategoryId=50001096&categoryDemo=A00&categoryMidCategoryId=50000027&categoryRootCategoryId=50000007&period=P1D,50000007,50000027.0,50001096.0,스포츠/레저,등산,등산의류,2022-02-03 15:54:10,2022-02-03 15:54:10,Y
https://search.shopping.naver.com/best/category/purchase?categoryCategoryId=50001097&categoryChildCategoryId=50001097&categoryDemo=A00&categoryMidCategoryId=50000027&categoryRootCategoryId=50000007&period=P1D,50000007,50000027.0,50001097.0,스포츠/레저,등산,등산잡화,2022-02-03 15:54:10,2022-02-03 15:54:10,Y
https://search.shopping.naver.com/best/category/purchase?categoryCategoryId=50001098&categoryChildCategoryId=50001098&categoryDemo=A00&categoryMidCategoryId=50000027&categoryRootCategoryId=50000007&period=P1D,50000007,50000027.0,50001098.0,스포츠/레저,등산,등산장비,2022-02-03 15:54:10,2022-02-03 15:54:10,Y
https://search.shopping.naver.com/best/category/purchase?categoryCategoryId=50001303&categoryChildCategoryId=50001303&categoryDemo=A00&categoryMidCategoryId=50000027&categoryRootCategoryId=50000007&period=P1D,50000007,50000027.0,50001303.0,스포츠/레저,등산,기타등산장비,2022-02-03 15:54:10,2022-02-03 15:54:10,Y
https://search.shopping.naver.com/best/category/purchase?categoryCategoryId=50001768&categoryChildCategoryId=50001768&categoryDemo=A00&categoryMidCategoryId=50000027&categoryRootCategoryId=50000007&period=P1D,50000007,50000027.0,50001768.0,스포츠/레저,등산,등산화,2022-02-03 15:54:10,2022-02-03 15:54:10,Y
https://search.shopping.naver.com/best/category/purchase?categoryCategoryId=50001769&categoryChildCategoryId=50001769&categoryDemo=A00&categoryMidCategoryId=50000027&categoryRootCategoryId=50000007&period=P1D,50000007,50000027.0,50001769.0,스포츠/레저,등산,등산가방,2022-02-03 15:54:10,2022-02-03 15:54:10,Y
https://search.shopping.naver.com/best/category/purchase?categoryCategoryId=50000028&categoryChildCategoryId=&categoryDemo=A00&categoryMidCategoryId=50000028&categoryRootCategoryId=50000007&period=P1D,50000007,50000028.0,,스포츠/레저,캠핑,,2022-02-03 15:54:10,2022-02-03 15:54:10,Y
https://search.shopping.naver.com/best/category/purchase?categoryCategoryId=50001099&categoryChildCategoryId=50001099&categoryDemo=A00&categoryMidCategoryId=50000028&categoryRootCategoryId=50000007&period=P1D,50000007,50000028.0,50001099.0,스포츠/레저,캠핑,텐트,2022-02-03 15:54:10,2022-02-03 15:54:10,Y
https://search.shopping.naver.com/best/category/purchase?categoryCategoryId=50001100&categoryChildCategoryId=50001100&categoryDemo=A00&categoryMidCategoryId=50000028&categoryRootCategoryId=50000007&period=P1D,50000007,50000028.0,50001100.0,스포츠/레저,캠핑,랜턴,2022-02-03 15:54:10,2022-02-03 15:54:10,Y
https://search.shopping.naver.com/best/category/purchase?categoryCategoryId=50001101&categoryChildCategoryId=50001101&categoryDemo=A00&categoryMidCategoryId=50000028&categoryRootCategoryId=50000007&period=P1D,50000007,50000028.0,50001101.0,스포츠/레저,캠핑,취사용품,2022-02-03 15:54:10,2022-02-03 15:54:10,Y
https://search.shopping.naver.com/best/category/purchase?categoryCategoryId=50001304&categoryChildCategoryId=50001304&categoryDemo=A00&categoryMidCategoryId=50000028&categoryRootCategoryId=50000007&period=P1D,50000007,50000028.0,50001304.0,스포츠/레저,캠핑,기타캠핑용품,2022-02-03 15:54:10,2022-02-03 15:54:10,Y
https://search.shopping.naver.com/best/category/purchase?categoryCategoryId=50001770&categoryChildCategoryId=50001770&categoryDemo=A00&categoryMidCategoryId=50000028&categoryRootCategoryId=50000007&period=P1D,50000007,50000028.0,50001770.0,스포츠/레저,캠핑,타프,2022-02-03 15:54:10,2022-02-03 15:54:10,Y
https://search.shopping.naver.com/best/category/purchase?categoryCategoryId=50001771&categoryChildCategoryId=50001771&categoryDemo=A00&categoryMidCategoryId=50000028&categoryRootCategoryId=50000007&period=P1D,50000007,50000028.0,50001771.0,스포츠/레저,캠핑,천막,2022-02-03 15:54:10,2022-02-03 15:54:10,Y
https://search.shopping.naver.com/best/category/purchase?categoryCategoryId=50001775&categoryChildCategoryId=50001775&categoryDemo=A00&categoryMidCategoryId=50000028&categoryRootCategoryId=50000007&period=P1D,50000007,50000028.0,50001775.0,스포츠/레저,캠핑,침낭,2022-02-03 15:54:10,2022-02-03 15:54:10,Y
https://search.shopping.naver.com/best/category/purchase?categoryCategoryId=50005341&categoryChildCategoryId=50005341&categoryDemo=A00&categoryMidCategoryId=50000028&categoryRootCategoryId=50000007&period=P1D,50000007,50000028.0,50005341.0,스포츠/레저,캠핑,캠핑매트,2022-02-03 15:54:10,2022-02-03 15:54:10,Y
https://search.shopping.naver.com/best/category/purchase?categoryCategoryId=50009182&categoryChildCategoryId=50009182&categoryDemo=A00&categoryMidCategoryId=50000028&categoryRootCategoryId=50000007&period=P1D,50000007,50000028.0,50009182.0,스포츠/레저,캠핑,캠핑웨건,2022-02-03 15:54:10,2022-02-03 15:54:10,Y
https://search.shopping.naver.com/best/category/purchase?categoryCategoryId=50009360&categoryChildCategoryId=50009360&categoryDemo=A00&categoryMidCategoryId=50000028&categoryRootCategoryId=50000007&period=P1D,50000007,50000028.0,50009360.0,스포츠/레저,캠핑,텐트/타프용품,2022-02-03 15:54:10,2022-02-03 15:54:10,Y
https://search.shopping.naver.com/best/category/purchase?categoryCategoryId=50009500&categoryChildCategoryId=50009500&categoryDemo=A00&categoryMidCategoryId=50000028&categoryRootCategoryId=50000007&period=P1D,50000007,50000028.0,50009500.0,스포츠/레저,캠핑,캠핑가구,2022-02-03 15:54:10,2022-02-03 15:54:10,Y
https://search.shopping.naver.com/best/category/purchase?categoryCategoryId=50009740&categoryChildCategoryId=50009740&categoryDemo=A00&categoryMidCategoryId=50000028&categoryRootCategoryId=50000007&period=P1D,50000007,50000028.0,50009740.0,스포츠/레저,캠핑,아이스박스,2022-02-03 15:54:10,2022-02-03 15:54:10,Y
https://search.shopping.naver.com/best/category/purchase?categoryCategoryId=50000029&categoryChildCategoryId=&categoryDemo=A00&categoryMidCategoryId=50000029&categoryRootCategoryId=50000007&period=P1D,50000007,50000029.0,,스포츠/레저,골프,,2022-02-03 15:54:10,2022-02-03 15:54:10,Y
https://search.shopping.naver.com/best/category/purchase?categoryCategoryId=50001102&categoryChildCategoryId=50001102&categoryDemo=A00&categoryMidCategoryId=50000029&categoryRootCategoryId=50000007&period=P1D,50000007,50000029.0,50001102.0,스포츠/레저,골프,골프클럽,2022-02-03 15:54:10,2022-02-03 15:54:10,Y
https://search.shopping.naver.com/best/category/purchase?categoryCategoryId=50001103&categoryChildCategoryId=50001103&categoryDemo=A00&categoryMidCategoryId=50000029&categoryRootCategoryId=50000007&period=P1D,50000007,50000029.0,50001103.0,스포츠/레저,골프,골프백,2022-02-03 15:54:10,2022-02-03 15:54:10,Y
https://search.shopping.naver.com/best/category/purchase?categoryCategoryId=50001104&categoryChildCategoryId=50001104&categoryDemo=A00&categoryMidCategoryId=50000029&categoryRootCategoryId=50000007&period=P1D,50000007,50000029.0,50001104.0,스포츠/레저,골프,골프의류,2022-02-03 15:54:10,2022-02-03 15:54:10,Y
https://search.shopping.naver.com/best/category/purchase?categoryCategoryId=50001105&categoryChildCategoryId=50001105&categoryDemo=A00&categoryMidCategoryId=50000029&categoryRootCategoryId=50000007&period=P1D,50000007,50000029.0,50001105.0,스포츠/레저,골프,골프잡화,2022-02-03 15:54:10,2022-02-03 15:54:10,Y
https://search.shopping.naver.com/best/category/purchase?categoryCategoryId=50001106&categoryChildCategoryId=50001106&categoryDemo=A00&categoryMidCategoryId=50000029&categoryRootCategoryId=50000007&period=P1D,50000007,50000029.0,50001106.0,스포츠/레저,골프,골프연습용품,2022-02-03 15:54:10,2022-02-03 15:54:10,Y
https://search.shopping.naver.com/best/category/purchase?categoryCategoryId=50001107&categoryChildCategoryId=50001107&categoryDemo=A00&categoryMidCategoryId=50000029&categoryRootCategoryId=50000007&period=P1D,50000007,50000029.0,50001107.0,스포츠/레저,골프,골프필드용품,2022-02-03 15:54:10,2022-02-03 15:54:10,Y
https://search.shopping.naver.com/best/category/purchase?categoryCategoryId=50001740&categoryChildCategoryId=50001740&categoryDemo=A00&categoryMidCategoryId=50000029&categoryRootCategoryId=50000007&period=P1D,50000007,50000029.0,50001740.0,스포츠/레저,골프,골프화,2022-02-03 15:54:10,2022-02-03 15:54:10,Y
https://search.shopping.naver.com/best/category/purchase?categoryCategoryId=50001741&categoryChildCategoryId=50001741&categoryDemo=A00&categoryMidCategoryId=50000029&categoryRootCategoryId=50000007&period=P1D,50000007,50000029.0,50001741.0,스포츠/레저,골프,골프공,2022-02-03 15:54:10,2022-02-03 15:54:10,Y
https://search.shopping.naver.com/best/category/purchase?categoryCategoryId=50000030&categoryChildCategoryId=&categoryDemo=A00&categoryMidCategoryId=50000030&categoryRootCategoryId=50000007&period=P1D,50000007,50000030.0,,스포츠/레저,헬스,,2022-02-03 15:54:10,2022-02-03 15:54:10,Y
https://search.shopping.naver.com/best/category/purchase?categoryCategoryId=50001002&categoryChildCategoryId=50001002&categoryDemo=A00&categoryMidCategoryId=50000030&categoryRootCategoryId=50000007&period=P1D,50000007,50000030.0,50001002.0,스포츠/레저,헬스,러닝머신,2022-02-03 15:54:10,2022-02-03 15:54:10,Y
https://search.shopping.naver.com/best/category/purchase?categoryCategoryId=50001003&categoryChildCategoryId=50001003&categoryDemo=A00&categoryMidCategoryId=50000030&categoryRootCategoryId=50000007&period=P1D,50000007,50000030.0,50001003.0,스포츠/레저,헬스,웨이트기구,2022-02-03 15:54:10,2022-02-03 15:54:10,Y
https://search.shopping.naver.com/best/category/purchase?categoryCategoryId=50001004&categoryChildCategoryId=50001004&categoryDemo=A00&categoryMidCategoryId=50000030&categoryRootCategoryId=50000007&period=P1D,50000007,50000030.0,50001004.0,스포츠/레저,헬스,헬스소품,2022-02-03 15:54:10,2022-02-03 15:54:10,Y
https://search.shopping.naver.com/best/category/purchase?categoryCategoryId=50001603&categoryChildCategoryId=50001603&categoryDemo=A00&categoryMidCategoryId=50000030&categoryRootCategoryId=50000007&period=P1D,50000007,50000030.0,50001603.0,스포츠/레저,헬스,헬스사이클,2022-02-03 15:54:10,2022-02-03 15:54:10,Y
https://search.shopping.naver.com/best/category/purchase?categoryCategoryId=50001605&categoryChildCategoryId=50001605&categoryDemo=A00&categoryMidCategoryId=50000030&categoryRootCategoryId=50000007&period=P1D,50000007,50000030.0,50001605.0,스포츠/레저,헬스,줄넘기,2022-02-03 15:54:10,2022-02-03 15:54:10,Y
https://search.shopping.naver.com/best/category/purchase?categoryCategoryId=50001608&categoryChildCategoryId=50001608&categoryDemo=A00&categoryMidCategoryId=50000030&categoryRootCategoryId=50000007&period=P1D,50000007,50000030.0,50001608.0,스포츠/레저,헬스,스텝퍼,2022-02-03 15:54:10,2022-02-03 15:54:10,Y
https://search.shopping.naver.com/best/category/purchase?categoryCategoryId=50001610&categoryChildCategoryId=50001610&categoryDemo=A00&categoryMidCategoryId=50000030&categoryRootCategoryId=50000007&period=P1D,50000007,50000030.0,50001610.0,스포츠/레저,헬스,트램펄린,2022-02-03 15:54:10,2022-02-03 15:54:10,Y
https://search.shopping.naver.com/best/category/purchase?categoryCategoryId=50000031&categoryChildCategoryId=&categoryDemo=A00&categoryMidCategoryId=50000031&categoryRootCategoryId=50000007&period=P1D,50000007,50000031.0,,스포츠/레저,요가/필라테스,,2022-02-03 15:54:10,2022-02-03 15:54:10,Y
https://search.shopping.naver.com/best/category/purchase?categoryCategoryId=50001005&categoryChildCategoryId=50001005&categoryDemo=A00&categoryMidCategoryId=50000031&categoryRootCategoryId=50000007&period=P1D,50000007,50000031.0,50001005.0,스포츠/레저,요가/필라테스,요가복,2022-02-03 15:54:10,2022-02-03 15:54:10,Y
https://search.shopping.naver.com/best/category/purchase?categoryCategoryId=50001527&categoryChildCategoryId=50001527&categoryDemo=A00&categoryMidCategoryId=50000031&categoryRootCategoryId=50000007&period=P1D,50000007,50000031.0,50001527.0,스포츠/레저,요가/필라테스,요가매트,2022-02-03 15:54:10,2022-02-03 15:54:10,Y
https://search.shopping.naver.com/best/category/purchase?categoryCategoryId=50001528&categoryChildCategoryId=50001528&categoryDemo=A00&categoryMidCategoryId=50000031&categoryRootCategoryId=50000007&period=P1D,50000007,50000031.0,50001528.0,스포츠/레저,요가/필라테스,기타요가용품,2022-02-03 15:54:10,2022-02-03 15:54:10,Y
https://search.shopping.naver.com/best/category/purchase?categoryCategoryId=50009481&categoryChildCategoryId=50009481&categoryDemo=A00&categoryMidCategoryId=50000031&categoryRootCategoryId=50000007&period=P1D,50000007,50000031.0,50009481.0,스포츠/레저,요가/필라테스,요가링/필라테스링,2022-02-03 15:54:10,2022-02-03 15:54:10,Y
https://search.shopping.naver.com/best/category/purchase?categoryCategoryId=50000033&categoryChildCategoryId=&categoryDemo=A00&categoryMidCategoryId=50000033&categoryRootCategoryId=50000007&period=P1D,50000007,50000033.0,,스포츠/레저,인라인스케이트,,2022-02-03 15:54:10,2022-02-03 15:54:10,Y
https://search.shopping.naver.com/best/category/purchase?categoryCategoryId=50000034&categoryChildCategoryId=&categoryDemo=A00&categoryMidCategoryId=50000034&categoryRootCategoryId=50000007&period=P1D,50000007,50000034.0,,스포츠/레저,스케이트/보드/롤러,,2022-02-03 15:54:10,2022-02-03 15:54:10,Y
https://search.shopping.naver.com/best/category/purchase?categoryCategoryId=50001538&categoryChildCategoryId=50001538&categoryDemo=A00&categoryMidCategoryId=50000034&categoryRootCategoryId=50000007&period=P1D,50000007,50000034.0,50001538.0,스포츠/레저,스케이트/보드/롤러,스케이트보드,2022-02-03 15:54:10,2022-02-03 15:54:10,Y
https://search.shopping.naver.com/best/category/purchase?categoryCategoryId=50001544&categoryChildCategoryId=50001544&categoryDemo=A00&categoryMidCategoryId=50000034&categoryRootCategoryId=50000007&period=P1D,50000007,50000034.0,50001544.0,스포츠/레저,스케이트/보드/롤러,킥보드,2022-02-03 15:54:10,2022-02-03 15:54:10,Y
https://search.shopping.naver.com/best/category/purchase?categoryCategoryId=50000035&categoryChildCategoryId=&categoryDemo=A00&categoryMidCategoryId=50000035&categoryRootCategoryId=50000007&period=P1D,50000007,50000035.0,,스포츠/레저,오토바이/스쿠터,,2022-02-03 15:54:10,2022-02-03 15:54:10,Y
https://search.shopping.naver.com/best/category/purchase?categoryCategoryId=50001007&categoryChildCategoryId=50001007&categoryDemo=A00&categoryMidCategoryId=50000035&categoryRootCategoryId=50000007&period=P1D,50000007,50000035.0,50001007.0,스포츠/레저,오토바이/스쿠터,오토바이부품,2022-02-03 15:54:10,2022-02-03 15:54:10,Y
https://search.shopping.naver.com/best/category/purchase?categoryCategoryId=50001008&categoryChildCategoryId=50001008&categoryDemo=A00&categoryMidCategoryId=50000035&categoryRootCategoryId=50000007&period=P1D,50000007,50000035.0,50001008.0,스포츠/레저,오토바이/스쿠터,오토바이용품,2022-02-03 15:54:10,2022-02-03 15:54:10,Y
https://search.shopping.naver.com/best/category/purchase?categoryCategoryId=50001546&categoryChildCategoryId=50001546&categoryDemo=A00&categoryMidCategoryId=50000035&categoryRootCategoryId=50000007&period=P1D,50000007,50000035.0,50001546.0,스포츠/레저,오토바이/스쿠터,오토바이,2022-02-03 15:54:10,2022-02-03 15:54:10,Y
https://search.shopping.naver.com/best/category/purchase?categoryCategoryId=50007248&categoryChildCategoryId=50007248&categoryDemo=A00&categoryMidCategoryId=50000035&categoryRootCategoryId=50000007&period=P1D,50000007,50000035.0,50007248.0,스포츠/레저,오토바이/스쿠터,스쿠터,2022-02-03 15:54:10,2022-02-03 15:54:10,Y
https://search.shopping.naver.com/best/category/purchase?categoryCategoryId=50000036&categoryChildCategoryId=&categoryDemo=A00&categoryMidCategoryId=50000036&categoryRootCategoryId=50000007&period=P1D,50000007,50000036.0,,스포츠/레저,축구,,2022-02-03 15:54:10,2022-02-03 15:54:10,Y
https://search.shopping.naver.com/best/category/purchase?categoryCategoryId=50001010&categoryChildCategoryId=50001010&categoryDemo=A00&categoryMidCategoryId=50000036&categoryRootCategoryId=50000007&period=P1D,50000007,50000036.0,50001010.0,스포츠/레저,축구,축구가방,2022-02-03 15:54:10,2022-02-03 15:54:10,Y
https://search.shopping.naver.com/best/category/purchase?categoryCategoryId=50001548&categoryChildCategoryId=50001548&categoryDemo=A00&categoryMidCategoryId=50000036&categoryRootCategoryId=50000007&period=P1D,50000007,50000036.0,50001548.0,스포츠/레저,축구,축구화,2022-02-03 15:54:10,2022-02-03 15:54:10,Y
https://search.shopping.naver.com/best/category/purchase?categoryCategoryId=50001549&categoryChildCategoryId=50001549&categoryDemo=A00&categoryMidCategoryId=50000036&categoryRootCategoryId=50000007&period=P1D,50000007,50000036.0,50001549.0,스포츠/레저,축구,풋살화,2022-02-03 15:54:10,2022-02-03 15:54:10,Y
https://search.shopping.naver.com/best/category/purchase?categoryCategoryId=50001550&categoryChildCategoryId=50001550&categoryDemo=A00&categoryMidCategoryId=50000036&categoryRootCategoryId=50000007&period=P1D,50000007,50000036.0,50001550.0,스포츠/레저,축구,축구공,2022-02-03 15:54:10,2022-02-03 15:54:10,Y
https://search.shopping.naver.com/best/category/purchase?categoryCategoryId=50001553&categoryChildCategoryId=50001553&categoryDemo=A00&categoryMidCategoryId=50000036&categoryRootCategoryId=50000007&period=P1D,50000007,50000036.0,50001553.0,스포츠/레저,축구,축구양말,2022-02-03 15:54:10,2022-02-03 15:54:10,Y
https://search.shopping.naver.com/best/category/purchase?categoryCategoryId=50005247&categoryChildCategoryId=50005247&categoryDemo=A00&categoryMidCategoryId=50000036&categoryRootCategoryId=50000007&period=P1D,50000007,50000036.0,50005247.0,스포츠/레저,축구,축구의류,2022-02-03 15:54:10,2022-02-03 15:54:10,Y
https://search.shopping.naver.com/best/category/purchase?categoryCategoryId=50000037&categoryChildCategoryId=&categoryDemo=A00&categoryMidCategoryId=50000037&categoryRootCategoryId=50000007&period=P1D,50000007,50000037.0,,스포츠/레저,야구,,2022-02-03 15:54:10,2022-02-03 15:54:10,Y
https://search.shopping.naver.com/best/category/purchase?categoryCategoryId=50001556&categoryChildCategoryId=50001556&categoryDemo=A00&categoryMidCategoryId=50000037&categoryRootCategoryId=50000007&period=P1D,50000007,50000037.0,50001556.0,스포츠/레저,야구,글러브,2022-02-03 15:54:10,2022-02-03 15:54:10,Y
https://search.shopping.naver.com/best/category/purchase?categoryCategoryId=50001558&categoryChildCategoryId=50001558&categoryDemo=A00&categoryMidCategoryId=50000037&categoryRootCategoryId=50000007&period=P1D,50000007,50000037.0,50001558.0,스포츠/레저,야구,야구화,2022-02-03 15:54:10,2022-02-03 15:54:10,Y
https://search.shopping.naver.com/best/category/purchase?categoryCategoryId=50001559&categoryChildCategoryId=50001559&categoryDemo=A00&categoryMidCategoryId=50000037&categoryRootCategoryId=50000007&period=P1D,50000007,50000037.0,50001559.0,스포츠/레저,야구,야구배트,2022-02-03 15:54:10,2022-02-03 15:54:10,Y
https://search.shopping.naver.com/best/category/purchase?categoryCategoryId=50005248&categoryChildCategoryId=50005248&categoryDemo=A00&categoryMidCategoryId=50000037&categoryRootCategoryId=50000007&period=P1D,50000007,50000037.0,50005248.0,스포츠/레저,야구,야구의류,2022-02-03 15:54:10,2022-02-03 15:54:10,Y
https://search.shopping.naver.com/best/category/purchase?categoryCategoryId=50000038&categoryChildCategoryId=&categoryDemo=A00&categoryMidCategoryId=50000038&categoryRootCategoryId=50000007&period=P1D,50000007,50000038.0,,스포츠/레저,농구,,2022-02-03 15:54:10,2022-02-03 15:54:10,Y
https://search.shopping.naver.com/best/category/purchase?categoryCategoryId=50001438&categoryChildCategoryId=50001438&categoryDemo=A00&categoryMidCategoryId=50000038&categoryRootCategoryId=50000007&period=P1D,50000007,50000038.0,50001438.0,스포츠/레저,농구,농구화,2022-02-03 15:54:10,2022-02-03 15:54:10,Y
https://search.shopping.naver.com/best/category/purchase?categoryCategoryId=50001440&categoryChildCategoryId=50001440&categoryDemo=A00&categoryMidCategoryId=50000038&categoryRootCategoryId=50000007&period=P1D,50000007,50000038.0,50001440.0,스포츠/레저,농구,농구공,2022-02-03 15:54:10,2022-02-03 15:54:10,Y
https://search.shopping.naver.com/best/category/purchase?categoryCategoryId=50005249&categoryChildCategoryId=50005249&categoryDemo=A00&categoryMidCategoryId=50000038&categoryRootCategoryId=50000007&period=P1D,50000007,50000038.0,50005249.0,스포츠/레저,농구,농구의류,2022-02-03 15:54:10,2022-02-03 15:54:10,Y
https://search.shopping.naver.com/best/category/purchase?categoryCategoryId=50000039&categoryChildCategoryId=&categoryDemo=A00&categoryMidCategoryId=50000039&categoryRootCategoryId=50000007&period=P1D,50000007,50000039.0,,스포츠/레저,배구,,2022-02-03 15:54:10,2022-02-03 15:54:10,Y
https://search.shopping.naver.com/best/category/purchase?categoryCategoryId=50000040&categoryChildCategoryId=&categoryDemo=A00&categoryMidCategoryId=50000040&categoryRootCategoryId=50000007&period=P1D,50000007,50000040.0,,스포츠/레저,탁구,,2022-02-03 15:54:10,2022-02-03 15:54:10,Y
https://search.shopping.naver.com/best/category/purchase?categoryCategoryId=50000041&categoryChildCategoryId=&categoryDemo=A00&categoryMidCategoryId=50000041&categoryRootCategoryId=50000007&period=P1D,50000007,50000041.0,,스포츠/레저,배드민턴,,2022-02-03 15:54:10,2022-02-03 15:54:10,Y
https://search.shopping.naver.com/best/category/purchase?categoryCategoryId=50001349&categoryChildCategoryId=50001349&categoryDemo=A00&categoryMidCategoryId=50000041&categoryRootCategoryId=50000007&period=P1D,50000007,50000041.0,50001349.0,스포츠/레저,배드민턴,배드민턴라켓,2022-02-03 15:54:10,2022-02-03 15:54:10,Y
https://search.shopping.naver.com/best/category/purchase?categoryCategoryId=50001350&categoryChildCategoryId=50001350&categoryDemo=A00&categoryMidCategoryId=50000041&categoryRootCategoryId=50000007&period=P1D,50000007,50000041.0,50001350.0,스포츠/레저,배드민턴,배드민턴화,2022-02-03 15:54:10,2022-02-03 15:54:10,Y
https://search.shopping.naver.com/best/category/purchase?categoryCategoryId=50001351&categoryChildCategoryId=50001351&categoryDemo=A00&categoryMidCategoryId=50000041&categoryRootCategoryId=50000007&period=P1D,50000007,50000041.0,50001351.0,스포츠/레저,배드민턴,배드민턴가방,2022-02-03 15:54:10,2022-02-03 15:54:10,Y
https://search.shopping.naver.com/best/category/purchase?categoryCategoryId=50001352&categoryChildCategoryId=50001352&categoryDemo=A00&categoryMidCategoryId=50000041&categoryRootCategoryId=50000007&period=P1D,50000007,50000041.0,50001352.0,스포츠/레저,배드민턴,셔틀콕,2022-02-03 15:54:10,2022-02-03 15:54:10,Y
https://search.shopping.naver.com/best/category/purchase?categoryCategoryId=50005252&categoryChildCategoryId=50005252&categoryDemo=A00&categoryMidCategoryId=50000041&categoryRootCategoryId=50000007&period=P1D,50000007,50000041.0,50005252.0,스포츠/레저,배드민턴,배드민턴의류,2022-02-03 15:54:10,2022-02-03 15:54:10,Y
https://search.shopping.naver.com/best/category/purchase?categoryCategoryId=50000042&categoryChildCategoryId=&categoryDemo=A00&categoryMidCategoryId=50000042&categoryRootCategoryId=50000007&period=P1D,50000007,50000042.0,,스포츠/레저,테니스,,2022-02-03 15:54:10,2022-02-03 15:54:10,Y
https://search.shopping.naver.com/best/category/purchase?categoryCategoryId=50001358&categoryChildCategoryId=50001358&categoryDemo=A00&categoryMidCategoryId=50000042&categoryRootCategoryId=50000007&period=P1D,50000007,50000042.0,50001358.0,스포츠/레저,테니스,테니스라켓,2022-02-03 15:54:10,2022-02-03 15:54:10,Y
https://search.shopping.naver.com/best/category/purchase?categoryCategoryId=50001359&categoryChildCategoryId=50001359&categoryDemo=A00&categoryMidCategoryId=50000042&categoryRootCategoryId=50000007&period=P1D,50000007,50000042.0,50001359.0,스포츠/레저,테니스,테니스화,2022-02-03 15:54:10,2022-02-03 15:54:10,Y
https://search.shopping.naver.com/best/category/purchase?categoryCategoryId=50005253&categoryChildCategoryId=50005253&categoryDemo=A00&categoryMidCategoryId=50000042&categoryRootCategoryId=50000007&period=P1D,50000007,50000042.0,50005253.0,스포츠/레저,테니스,테니스의류,2022-02-03 15:54:10,2022-02-03 15:54:10,Y
https://search.shopping.naver.com/best/category/purchase?categoryCategoryId=50000044&categoryChildCategoryId=&categoryDemo=A00&categoryMidCategoryId=50000044&categoryRootCategoryId=50000007&period=P1D,50000007,50000044.0,,스포츠/레저,족구,,2022-02-03 15:54:10,2022-02-03 15:54:10,Y
https://search.shopping.naver.com/best/category/purchase?categoryCategoryId=50000045&categoryChildCategoryId=&categoryDemo=A00&categoryMidCategoryId=50000045&categoryRootCategoryId=50000007&period=P1D,50000007,50000045.0,,스포츠/레저,볼링,,2022-02-03 15:54:10,2022-02-03 15:54:10,Y
https://search.shopping.naver.com/best/category/purchase?categoryCategoryId=50001247&categoryChildCategoryId=50001247&categoryDemo=A00&categoryMidCategoryId=50000045&categoryRootCategoryId=50000007&period=P1D,50000007,50000045.0,50001247.0,스포츠/레저,볼링,볼링공,2022-02-03 15:54:10,2022-02-03 15:54:10,Y
https://search.shopping.naver.com/best/category/purchase?categoryCategoryId=50001248&categoryChildCategoryId=50001248&categoryDemo=A00&categoryMidCategoryId=50000045&categoryRootCategoryId=50000007&period=P1D,50000007,50000045.0,50001248.0,스포츠/레저,볼링,볼링용품,2022-02-03 15:54:10,2022-02-03 15:54:10,Y
https://search.shopping.naver.com/best/category/purchase?categoryCategoryId=50001249&categoryChildCategoryId=50001249&categoryDemo=A00&categoryMidCategoryId=50000045&categoryRootCategoryId=50000007&period=P1D,50000007,50000045.0,50001249.0,스포츠/레저,볼링,볼링화,2022-02-03 15:54:10,2022-02-03 15:54:10,Y
https://search.shopping.naver.com/best/category/purchase?categoryCategoryId=50001250&categoryChildCategoryId=50001250&categoryDemo=A00&categoryMidCategoryId=50000045&categoryRootCategoryId=50000007&period=P1D,50000007,50000045.0,50001250.0,스포츠/레저,볼링,아대,2022-02-03 15:54:10,2022-02-03 15:54:10,Y
https://search.shopping.naver.com/best/category/purchase?categoryCategoryId=50001251&categoryChildCategoryId=50001251&categoryDemo=A00&categoryMidCategoryId=50000045&categoryRootCategoryId=50000007&period=P1D,50000007,50000045.0,50001251.0,스포츠/레저,볼링,볼링가방,2022-02-03 15:54:10,2022-02-03 15:54:10,Y
https://search.shopping.naver.com/best/category/purchase?categoryCategoryId=50005254&categoryChildCategoryId=50005254&categoryDemo=A00&categoryMidCategoryId=50000045&categoryRootCategoryId=50000007&period=P1D,50000007,50000045.0,50005254.0,스포츠/레저,볼링,볼링의류,2022-02-03 15:54:10,2022-02-03 15:54:10,Y
https://search.shopping.naver.com/best/category/purchase?categoryCategoryId=50000048&categoryChildCategoryId=&categoryDemo=A00&categoryMidCategoryId=50000048&categoryRootCategoryId=50000007&period=P1D,50000007,50000048.0,,스포츠/레저,스킨스쿠버,,2022-02-03 15:54:10,2022-02-03 15:54:10,Y
https://search.shopping.naver.com/best/category/purchase?categoryCategoryId=50000049&categoryChildCategoryId=&categoryDemo=A00&categoryMidCategoryId=50000049&categoryRootCategoryId=50000007&period=P1D,50000007,50000049.0,,스포츠/레저,권투,,2022-02-03 15:54:10,2022-02-03 15:54:10,Y
https://search.shopping.naver.com/best/category/purchase?categoryCategoryId=50000050&categoryChildCategoryId=&categoryDemo=A00&categoryMidCategoryId=50000050&categoryRootCategoryId=50000007&period=P1D,50000007,50000050.0,,스포츠/레저,보호용품,,2022-02-03 15:54:10,2022-02-03 15:54:10,Y
https://search.shopping.naver.com/best/category/purchase?categoryCategoryId=50001287&categoryChildCategoryId=50001287&categoryDemo=A00&categoryMidCategoryId=50000050&categoryRootCategoryId=50000007&period=P1D,50000007,50000050.0,50001287.0,스포츠/레저,보호용품,팔보호대,2022-02-03 15:54:10,2022-02-03 15:54:10,Y
https://search.shopping.naver.com/best/category/purchase?categoryCategoryId=50007238&categoryChildCategoryId=50007238&categoryDemo=A00&categoryMidCategoryId=50000050&categoryRootCategoryId=50000007&period=P1D,50000007,50000050.0,50007238.0,스포츠/레저,보호용품,테이핑요법,2022-02-03 15:54:10,2022-02-03 15:54:10,Y
https://search.shopping.naver.com/best/category/purchase?categoryCategoryId=50007239&categoryChildCategoryId=50007239&categoryDemo=A00&categoryMidCategoryId=50000050&categoryRootCategoryId=50000007&period=P1D,50000007,50000050.0,50007239.0,스포츠/레저,보호용품,손목보호대,2022-02-03 15:54:10,2022-02-03 15:54:10,Y
https://search.shopping.naver.com/best/category/purchase?categoryCategoryId=50007241&categoryChildCategoryId=50007241&categoryDemo=A00&categoryMidCategoryId=50000050&categoryRootCategoryId=50000007&period=P1D,50000007,50000050.0,50007241.0,스포츠/레저,보호용품,무릎보호대,2022-02-03 15:54:10,2022-02-03 15:54:10,Y
https://search.shopping.naver.com/best/category/purchase?categoryCategoryId=50007242&categoryChildCategoryId=50007242&categoryDemo=A00&categoryMidCategoryId=50000050&categoryRootCategoryId=50000007&period=P1D,50000007,50000050.0,50007242.0,스포츠/레저,보호용품,발목보호대,2022-02-03 15:54:10,2022-02-03 15:54:10,Y
https://search.shopping.naver.com/best/category/purchase?categoryCategoryId=50007243&categoryChildCategoryId=50007243&categoryDemo=A00&categoryMidCategoryId=50000050&categoryRootCategoryId=50000007&period=P1D,50000007,50000050.0,50007243.0,스포츠/레저,보호용품,허리보호대,2022-02-03 15:54:10,2022-02-03 15:54:10,Y
https://search.shopping.naver.com/best/category/purchase?categoryCategoryId=50000051&categoryChildCategoryId=&categoryDemo=A00&categoryMidCategoryId=50000051&categoryRootCategoryId=50000007&period=P1D,50000007,50000051.0,,스포츠/레저,무술용품,,2022-02-03 15:54:10,2022-02-03 15:54:10,Y
https://search.shopping.naver.com/best/category/purchase?categoryCategoryId=50000052&categoryChildCategoryId=&categoryDemo=A00&categoryMidCategoryId=50000052&categoryRootCategoryId=50000007&period=P1D,50000007,50000052.0,,스포츠/레저,수련용품,,2022-02-03 15:54:10,2022-02-03 15:54:10,Y
https://search.shopping.naver.com/best/category/purchase?categoryCategoryId=50000053&categoryChildCategoryId=&categoryDemo=A00&categoryMidCategoryId=50000053&categoryRootCategoryId=50000007&period=P1D,50000007,50000053.0,,스포츠/레저,스포츠액세서리,,2022-02-03 15:54:10,2022-02-03 15:54:10,Y
https://search.shopping.naver.com/best/category/purchase?categoryCategoryId=50001297&categoryChildCategoryId=50001297&categoryDemo=A00&categoryMidCategoryId=50000053&categoryRootCategoryId=50000007&period=P1D,50000007,50000053.0,50001297.0,스포츠/레저,스포츠액세서리,스포츠선글라스,2022-02-03 15:54:10,2022-02-03 15:54:10,Y
https://search.shopping.naver.com/best/category/purchase?categoryCategoryId=50001301&categoryChildCategoryId=50001301&categoryDemo=A00&categoryMidCategoryId=50000053&categoryRootCategoryId=50000007&period=P1D,50000007,50000053.0,50001301.0,스포츠/레저,스포츠액세서리,스포츠헤어밴드,2022-02-03 15:54:10,2022-02-03 15:54:10,Y
https://search.shopping.naver.com/best/category/purchase?categoryCategoryId=50001302&categoryChildCategoryId=50001302&categoryDemo=A00&categoryMidCategoryId=50000053&categoryRootCategoryId=50000007&period=P1D,50000007,50000053.0,50001302.0,스포츠/레저,스포츠액세서리,스포츠토시,2022-02-03 15:54:10,2022-02-03 15:54:10,Y
https://search.shopping.naver.com/best/category/purchase?categoryCategoryId=50006374&categoryChildCategoryId=50006374&categoryDemo=A00&categoryMidCategoryId=50000053&categoryRootCategoryId=50000007&period=P1D,50000007,50000053.0,50006374.0,스포츠/레저,스포츠액세서리,스포츠마스크,2022-02-03 15:54:10,2022-02-03 15:54:10,Y
https://search.shopping.naver.com/best/category/purchase?categoryCategoryId=50000161&categoryChildCategoryId=&categoryDemo=A00&categoryMidCategoryId=50000161&categoryRootCategoryId=50000007&period=P1D,50000007,50000161.0,,스포츠/레저,자전거,,2022-02-03 15:54:10,2022-02-03 15:54:10,Y
https://search.shopping.naver.com/best/category/purchase?categoryCategoryId=50001108&categoryChildCategoryId=50001108&categoryDemo=A00&categoryMidCategoryId=50000161&categoryRootCategoryId=50000007&period=P1D,50000007,50000161.0,50001108.0,스포츠/레저,자전거,자전거/MTB,2022-02-03 15:54:10,2022-02-03 15:54:10,Y
https://search.shopping.naver.com/best/category/purchase?categoryCategoryId=50001109&categoryChildCategoryId=50001109&categoryDemo=A00&categoryMidCategoryId=50000161&categoryRootCategoryId=50000007&period=P1D,50000007,50000161.0,50001109.0,스포츠/레저,자전거,자전거용품,2022-02-03 15:54:10,2022-02-03 15:54:10,Y
https://search.shopping.naver.com/best/category/purchase?categoryCategoryId=50001110&categoryChildCategoryId=50001110&categoryDemo=A00&categoryMidCategoryId=50000161&categoryRootCategoryId=50000007&period=P1D,50000007,50000161.0,50001110.0,스포츠/레저,자전거,자전거부품,2022-02-03 15:54:10,2022-02-03 15:54:10,Y
https://search.shopping.naver.com/best/category/purchase?categoryCategoryId=50001111&categoryChildCategoryId=50001111&categoryDemo=A00&categoryMidCategoryId=50000161&categoryRootCategoryId=50000007&period=P1D,50000007,50000161.0,50001111.0,스포츠/레저,자전거,자전거의류/잡화,2022-02-03 15:54:10,2022-02-03 15:54:10,Y
https://search.shopping.naver.com/best/category/purchase?categoryCategoryId=50000162&categoryChildCategoryId=&categoryDemo=A00&categoryMidCategoryId=50000162&categoryRootCategoryId=50000007&period=P1D,50000007,50000162.0,,스포츠/레저,스키/보드,,2022-02-03 15:54:10,2022-02-03 15:54:10,Y
https://search.shopping.naver.com/best/category/purchase?categoryCategoryId=50000985&categoryChildCategoryId=50000985&categoryDemo=A00&categoryMidCategoryId=50000162&categoryRootCategoryId=50000007&period=P1D,50000007,50000162.0,50000985.0,스포츠/레저,스키/보드,스키장비,2022-02-03 15:54:10,2022-02-03 15:54:10,Y
https://search.shopping.naver.com/best/category/purchase?categoryCategoryId=50000986&categoryChildCategoryId=50000986&categoryDemo=A00&categoryMidCategoryId=50000162&categoryRootCategoryId=50000007&period=P1D,50000007,50000162.0,50000986.0,스포츠/레저,스키/보드,보드복,2022-02-03 15:54:10,2022-02-03 15:54:10,Y
https://search.shopping.naver.com/best/category/purchase?categoryCategoryId=50000987&categoryChildCategoryId=50000987&categoryDemo=A00&categoryMidCategoryId=50000162&categoryRootCategoryId=50000007&period=P1D,50000007,50000162.0,50000987.0,스포츠/레저,스키/보드,스노보드장비,2022-02-03 15:54:10,2022-02-03 15:54:10,Y
https://search.shopping.naver.com/best/category/purchase?categoryCategoryId=50000988&categoryChildCategoryId=50000988&categoryDemo=A00&categoryMidCategoryId=50000162&categoryRootCategoryId=50000007&period=P1D,50000007,50000162.0,50000988.0,스포츠/레저,스키/보드,스키/보드방한용품,2022-02-03 15:54:10,2022-02-03 15:54:10,Y
https://search.shopping.naver.com/best/category/purchase?categoryCategoryId=50000989&categoryChildCategoryId=50000989&categoryDemo=A00&categoryMidCategoryId=50000162&categoryRootCategoryId=50000007&period=P1D,50000007,50000162.0,50000989.0,스포츠/레저,스키/보드,스키/보드용품,2022-02-03 15:54:10,2022-02-03 15:54:10,Y
https://search.shopping.naver.com/best/category/purchase?categoryCategoryId=50001112&categoryChildCategoryId=50001112&categoryDemo=A00&categoryMidCategoryId=50000162&categoryRootCategoryId=50000007&period=P1D,50000007,50000162.0,50001112.0,스포츠/레저,스키/보드,스키복,2022-02-03 15:54:10,2022-02-03 15:54:10,Y
https://search.shopping.naver.com/best/category/purchase?categoryCategoryId=50000163&categoryChildCategoryId=&categoryDemo=A00&categoryMidCategoryId=50000163&categoryRootCategoryId=50000007&period=P1D,50000007,50000163.0,,스포츠/레저,낚시,,2022-02-03 15:54:10,2022-02-03 15:54:10,Y
https://search.shopping.naver.com/best/category/purchase?categoryCategoryId=50000990&categoryChildCategoryId=50000990&categoryDemo=A00&categoryMidCategoryId=50000163&categoryRootCategoryId=50000007&period=P1D,50000007,50000163.0,50000990.0,스포츠/레저,낚시,낚싯대,2022-02-03 15:54:10,2022-02-03 15:54:10,Y
https://search.shopping.naver.com/best/category/purchase?categoryCategoryId=50000991&categoryChildCategoryId=50000991&categoryDemo=A00&categoryMidCategoryId=50000163&categoryRootCategoryId=50000007&period=P1D,50000007,50000163.0,50000991.0,스포츠/레저,낚시,낚시릴,2022-02-03 15:54:10,2022-02-03 15:54:10,Y
https://search.shopping.naver.com/best/category/purchase?categoryCategoryId=50000992&categoryChildCategoryId=50000992&categoryDemo=A00&categoryMidCategoryId=50000163&categoryRootCategoryId=50000007&period=P1D,50000007,50000163.0,50000992.0,스포츠/레저,낚시,낚싯줄,2022-02-03 15:54:10,2022-02-03 15:54:10,Y
https://search.shopping.naver.com/best/category/purchase?categoryCategoryId=50000993&categoryChildCategoryId=50000993&categoryDemo=A00&categoryMidCategoryId=50000163&categoryRootCategoryId=50000007&period=P1D,50000007,50000163.0,50000993.0,스포츠/레저,낚시,루어낚시,2022-02-03 15:54:10,2022-02-03 15:54:10,Y
https://search.shopping.naver.com/best/category/purchase?categoryCategoryId=50000994&categoryChildCategoryId=50000994&categoryDemo=A00&categoryMidCategoryId=50000163&categoryRootCategoryId=50000007&period=P1D,50000007,50000163.0,50000994.0,스포츠/레저,낚시,민물낚시,2022-02-03 15:54:10,2022-02-03 15:54:10,Y
https://search.shopping.naver.com/best/category/purchase?categoryCategoryId=50000995&categoryChildCategoryId=50000995&categoryDemo=A00&categoryMidCategoryId=50000163&categoryRootCategoryId=50000007&period=P1D,50000007,50000163.0,50000995.0,스포츠/레저,낚시,바다낚시,2022-02-03 15:54:10,2022-02-03 15:54:10,Y
https://search.shopping.naver.com/best/category/purchase?categoryCategoryId=50000996&categoryChildCategoryId=50000996&categoryDemo=A00&categoryMidCategoryId=50000163&categoryRootCategoryId=50000007&period=P1D,50000007,50000163.0,50000996.0,스포츠/레저,낚시,낚시용품,2022-02-03 15:54:10,2022-02-03 15:54:10,Y
https://search.shopping.naver.com/best/category/purchase?categoryCategoryId=50000997&categoryChildCategoryId=50000997&categoryDemo=A00&categoryMidCategoryId=50000163&categoryRootCategoryId=50000007&period=P1D,50000007,50000163.0,50000997.0,스포츠/레저,낚시,낚시의류/잡화,2022-02-03 15:54:10,2022-02-03 15:54:10,Y
https://search.shopping.naver.com/best/category/purchase?categoryCategoryId=50006888&categoryChildCategoryId=50006888&categoryDemo=A00&categoryMidCategoryId=50000163&categoryRootCategoryId=50000007&period=P1D,50000007,50000163.0,50006888.0,스포츠/레저,낚시,낚시공구,2022-02-03 15:54:10,2022-02-03 15:54:10,Y
https://search.shopping.naver.com/best/category/purchase?categoryCategoryId=50000164&categoryChildCategoryId=&categoryDemo=A00&categoryMidCategoryId=50000164&categoryRootCategoryId=50000007&period=P1D,50000007,50000164.0,,스포츠/레저,수영,,2022-02-03 15:54:10,2022-02-03 15:54:10,Y
https://search.shopping.naver.com/best/category/purchase?categoryCategoryId=50000998&categoryChildCategoryId=50000998&categoryDemo=A00&categoryMidCategoryId=50000164&categoryRootCategoryId=50000007&period=P1D,50000007,50000164.0,50000998.0,스포츠/레저,수영,남성수영복,2022-02-03 15:54:10,2022-02-03 15:54:10,Y
https://search.shopping.naver.com/best/category/purchase?categoryCategoryId=50000999&categoryChildCategoryId=50000999&categoryDemo=A00&categoryMidCategoryId=50000164&categoryRootCategoryId=50000007&period=P1D,50000007,50000164.0,50000999.0,스포츠/레저,수영,여성수영복,2022-02-03 15:54:10,2022-02-03 15:54:10,Y
https://search.shopping.naver.com/best/category/purchase?categoryCategoryId=50001000&categoryChildCategoryId=50001000&categoryDemo=A00&categoryMidCategoryId=50000164&categoryRootCategoryId=50000007&period=P1D,50000007,50000164.0,50001000.0,스포츠/레저,수영,비치웨어,2022-02-03 15:54:10,2022-02-03 15:54:10,Y
https://search.shopping.naver.com/best/category/purchase?categoryCategoryId=50001001&categoryChildCategoryId=50001001&categoryDemo=A00&categoryMidCategoryId=50000164&categoryRootCategoryId=50000007&period=P1D,50000007,50000164.0,50001001.0,스포츠/레저,수영,수영용품,2022-02-03 15:54:10,2022-02-03 15:54:10,Y
https://search.shopping.naver.com/best/category/purchase?categoryCategoryId=50000008&categoryDemo=A00&categoryRootCategoryId=50000008&period=P1D,50000008,,,생활/건강,,,2022-02-03 15:54:10,2022-02-03 15:54:10,Y
https://search.shopping.naver.com/best/category/purchase?categoryCategoryId=50000054&categoryChildCategoryId=&categoryDemo=A00&categoryMidCategoryId=50000054&categoryRootCategoryId=50000008&period=P1D,50000008,50000054.0,,생활/건강,화방용품,,2022-02-03 15:54:10,2022-02-03 15:54:10,Y
https://search.shopping.naver.com/best/category/purchase?categoryCategoryId=50000636&categoryChildCategoryId=50000636&categoryDemo=A00&categoryMidCategoryId=50000054&categoryRootCategoryId=50000008&period=P1D,50000008,50000054.0,50000636.0,생활/건강,화방용품,우드락/폼보드,2022-02-03 15:54:10,2022-02-03 15:54:10,Y
https://search.shopping.naver.com/best/category/purchase?categoryCategoryId=50000923&categoryChildCategoryId=50000923&categoryDemo=A00&categoryMidCategoryId=50000054&categoryRootCategoryId=50000008&period=P1D,50000008,50000054.0,50000923.0,생활/건강,화방용품,서예/동양화용품,2022-02-03 15:54:10,2022-02-03 15:54:10,Y
https://search.shopping.naver.com/best/category/purchase?categoryCategoryId=50000924&categoryChildCategoryId=50000924&categoryDemo=A00&categoryMidCategoryId=50000054&categoryRootCategoryId=50000008&period=P1D,50000008,50000054.0,50000924.0,생활/건강,화방용품,미술도구수납용품,2022-02-03 15:54:10,2022-02-03 15:54:10,Y
https://search.shopping.naver.com/best/category/purchase?categoryCategoryId=50000925&categoryChildCategoryId=50000925&categoryDemo=A00&categoryMidCategoryId=50000054&categoryRootCategoryId=50000008&period=P1D,50000008,50000054.0,50000925.0,생활/건강,화방용품,미술보조용품,2022-02-03 15:54:10,2022-02-03 15:54:10,Y
https://search.shopping.naver.com/best/category/purchase?categoryCategoryId=50000926&categoryChildCategoryId=50000926&categoryDemo=A00&categoryMidCategoryId=50000054&categoryRootCategoryId=50000008&period=P1D,50000008,50000054.0,50000926.0,생활/건강,화방용품,전문지류/미술지류,2022-02-03 15:54:10,2022-02-03 15:54:10,Y
https://search.shopping.naver.com/best/category/purchase?categoryCategoryId=50000927&categoryChildCategoryId=50000927&categoryDemo=A00&categoryMidCategoryId=50000054&categoryRootCategoryId=50000008&period=P1D,50000008,50000054.0,50000927.0,생활/건강,화방용품,페인트/염료/잉크,2022-02-03 15:54:10,2022-02-03 15:54:10,Y
https://search.shopping.naver.com/best/category/purchase?categoryCategoryId=50000928&categoryChildCategoryId=50000928&categoryDemo=A00&categoryMidCategoryId=50000054&categoryRootCategoryId=50000008&period=P1D,50000008,50000054.0,50000928.0,생활/건강,화방용품,붓,2022-02-03 15:54:10,2022-02-03 15:54:10,Y
https://search.shopping.naver.com/best/category/purchase?categoryCategoryId=50000929&categoryChildCategoryId=50000929&categoryDemo=A00&categoryMidCategoryId=50000054&categoryRootCategoryId=50000008&period=P1D,50000008,50000054.0,50000929.0,생활/건강,화방용품,물감/포스터컬러,2022-02-03 15:54:10,2022-02-03 15:54:10,Y
https://search.shopping.naver.com/best/category/purchase?categoryCategoryId=50000930&categoryChildCategoryId=50000930&categoryDemo=A00&categoryMidCategoryId=50000054&categoryRootCategoryId=50000008&period=P1D,50000008,50000054.0,50000930.0,생활/건강,화방용품,스케치/드로잉용품,2022-02-03 15:54:10,2022-02-03 15:54:10,Y
https://search.shopping.naver.com/best/category/purchase?categoryCategoryId=50000932&categoryChildCategoryId=50000932&categoryDemo=A00&categoryMidCategoryId=50000054&categoryRootCategoryId=50000008&period=P1D,50000008,50000054.0,50000932.0,생활/건강,화방용품,조소/판화용품,2022-02-03 15:54:10,2022-02-03 15:54:10,Y
https://search.shopping.naver.com/best/category/purchase?categoryCategoryId=50000055&categoryChildCategoryId=&categoryDemo=A00&categoryMidCategoryId=50000055&categoryRootCategoryId=50000008&period=P1D,50000008,50000055.0,,생활/건강,자동차용품,,2022-02-03 15:54:10,2022-02-03 15:54:10,Y
https://search.shopping.naver.com/best/category/purchase?categoryCategoryId=50000424&categoryChildCategoryId=50000424&categoryDemo=A00&categoryMidCategoryId=50000055&categoryRootCategoryId=50000008&period=P1D,50000008,50000055.0,50000424.0,생활/건강,자동차용품,스노우체인,2022-02-03 15:54:10,2022-02-03 15:54:10,Y
https://search.shopping.naver.com/best/category/purchase?categoryCategoryId=50000637&categoryChildCategoryId=50000637&categoryDemo=A00&categoryMidCategoryId=50000055&categoryRootCategoryId=50000008&period=P1D,50000008,50000055.0,50000637.0,생활/건강,자동차용품,배터리,2022-02-03 15:54:10,2022-02-03 15:54:10,Y
https://search.shopping.naver.com/best/category/purchase?categoryCategoryId=50000638&categoryChildCategoryId=50000638&categoryDemo=A00&categoryMidCategoryId=50000055&categoryRootCategoryId=50000008&period=P1D,50000008,50000055.0,50000638.0,생활/건강,자동차용품,시트커버,2022-02-03 15:54:10,2022-02-03 15:54:10,Y
https://search.shopping.naver.com/best/category/purchase?categoryCategoryId=50000933&categoryChildCategoryId=50000933&categoryDemo=A00&categoryMidCategoryId=50000055&categoryRootCategoryId=50000008&period=P1D,50000008,50000055.0,50000933.0,생활/건강,자동차용품,DIY용품,2022-02-03 15:54:10,2022-02-03 15:54:10,Y
https://search.shopping.naver.com/best/category/purchase?categoryCategoryId=50000934&categoryChildCategoryId=50000934&categoryDemo=A00&categoryMidCategoryId=50000055&categoryRootCategoryId=50000008&period=P1D,50000008,50000055.0,50000934.0,생활/건강,자동차용품,램프,2022-02-03 15:54:10,2022-02-03 15:54:10,Y
https://search.shopping.naver.com/best/category/purchase?categoryCategoryId=50000935&categoryChildCategoryId=50000935&categoryDemo=A00&categoryMidCategoryId=50000055&categoryRootCategoryId=50000008&period=P1D,50000008,50000055.0,50000935.0,생활/건강,자동차용품,차량실내용품,2022-02-03 15:54:10,2022-02-03 15:54:10,Y
https://search.shopping.naver.com/best/category/purchase?categoryCategoryId=50000936&categoryChildCategoryId=50000936&categoryDemo=A00&categoryMidCategoryId=50000055&categoryRootCategoryId=50000008&period=P1D,50000008,50000055.0,50000936.0,생활/건강,자동차용품,배터리용품,2022-02-03 15:54:10,2022-02-03 15:54:10,Y
https://search.shopping.naver.com/best/category/purchase?categoryCategoryId=50000937&categoryChildCategoryId=50000937&categoryDemo=A00&categoryMidCategoryId=50000055&categoryRootCategoryId=50000008&period=P1D,50000008,50000055.0,50000937.0,생활/건강,자동차용품,공기청정용품,2022-02-03 15:54:10,2022-02-03 15:54:10,Y
https://search.shopping.naver.com/best/category/purchase?categoryCategoryId=50000938&categoryChildCategoryId=50000938&categoryDemo=A00&categoryMidCategoryId=50000055&categoryRootCategoryId=50000008&period=P1D,50000008,50000055.0,50000938.0,생활/건강,자동차용품,세차용품,2022-02-03 15:54:10,2022-02-03 15:54:10,Y
https://search.shopping.naver.com/best/category/purchase?categoryCategoryId=50000939&categoryChildCategoryId=50000939&categoryDemo=A00&categoryMidCategoryId=50000055&categoryRootCategoryId=50000008&period=P1D,50000008,50000055.0,50000939.0,생활/건강,자동차용품,키용품,2022-02-03 15:54:10,2022-02-03 15:54:10,Y
https://search.shopping.naver.com/best/category/purchase?categoryCategoryId=50000940&categoryChildCategoryId=50000940&categoryDemo=A00&categoryMidCategoryId=50000055&categoryRootCategoryId=50000008&period=P1D,50000008,50000055.0,50000940.0,생활/건강,자동차용품,편의용품,2022-02-03 15:54:10,2022-02-03 15:54:10,Y
https://search.shopping.naver.com/best/category/purchase?categoryCategoryId=50000941&categoryChildCategoryId=50000941&categoryDemo=A00&categoryMidCategoryId=50000055&categoryRootCategoryId=50000008&period=P1D,50000008,50000055.0,50000941.0,생활/건강,자동차용품,오일관리,2022-02-03 15:54:10,2022-02-03 15:54:10,Y
https://search.shopping.naver.com/best/category/purchase?categoryCategoryId=50000942&categoryChildCategoryId=50000942&categoryDemo=A00&categoryMidCategoryId=50000055&categoryRootCategoryId=50000008&period=P1D,50000008,50000055.0,50000942.0,생활/건강,자동차용품,익스테리어용품,2022-02-03 15:54:10,2022-02-03 15:54:10,Y
https://search.shopping.naver.com/best/category/purchase?categoryCategoryId=50000943&categoryChildCategoryId=50000943&categoryDemo=A00&categoryMidCategoryId=50000055&categoryRootCategoryId=50000008&period=P1D,50000008,50000055.0,50000943.0,생활/건강,자동차용품,인테리어용품,2022-02-03 15:54:10,2022-02-03 15:54:10,Y
https://search.shopping.naver.com/best/category/purchase?categoryCategoryId=50000944&categoryChildCategoryId=50000944&categoryDemo=A00&categoryMidCategoryId=50000055&categoryRootCategoryId=50000008&period=P1D,50000008,50000055.0,50000944.0,생활/건강,자동차용품,전기용품,2022-02-03 15:54:10,2022-02-03 15:54:10,Y
https://search.shopping.naver.com/best/category/purchase?categoryCategoryId=50000945&categoryChildCategoryId=50000945&categoryDemo=A00&categoryMidCategoryId=50000055&categoryRootCategoryId=50000008&period=P1D,50000008,50000055.0,50000945.0,생활/건강,자동차용품,수납용품,2022-02-03 15:54:10,2022-02-03 15:54:10,Y
https://search.shopping.naver.com/best/category/purchase?categoryCategoryId=50000946&categoryChildCategoryId=50000946&categoryDemo=A00&categoryMidCategoryId=50000055&categoryRootCategoryId=50000008&period=P1D,50000008,50000055.0,50000946.0,생활/건강,자동차용품,휴대폰용품,2022-02-03 15:54:10,2022-02-03 15:54:10,Y
https://search.shopping.naver.com/best/category/purchase?categoryCategoryId=50000947&categoryChildCategoryId=50000947&categoryDemo=A00&categoryMidCategoryId=50000055&categoryRootCategoryId=50000008&period=P1D,50000008,50000055.0,50000947.0,생활/건강,자동차용품,타이어/휠,2022-02-03 15:54:10,2022-02-03 15:54:10,Y
https://search.shopping.naver.com/best/category/purchase?categoryCategoryId=50000948&categoryChildCategoryId=50000948&categoryDemo=A00&categoryMidCategoryId=50000055&categoryRootCategoryId=50000008&period=P1D,50000008,50000055.0,50000948.0,생활/건강,자동차용품,튜닝용품,2022-02-03 15:54:10,2022-02-03 15:54:10,Y
https://search.shopping.naver.com/best/category/purchase?categoryCategoryId=50000056&categoryChildCategoryId=&categoryDemo=A00&categoryMidCategoryId=50000056&categoryRootCategoryId=50000008&period=P1D,50000008,50000056.0,,생활/건강,수집품,,2022-02-03 15:54:10,2022-02-03 15:54:10,Y
https://search.shopping.naver.com/best/category/purchase?categoryCategoryId=50000375&categoryChildCategoryId=50000375&categoryDemo=A00&categoryMidCategoryId=50000056&categoryRootCategoryId=50000008&period=P1D,50000008,50000056.0,50000375.0,생활/건강,수집품,공예품,2022-02-03 15:54:10,2022-02-03 15:54:10,Y
https://search.shopping.naver.com/best/category/purchase?categoryCategoryId=50000378&categoryChildCategoryId=50000378&categoryDemo=A00&categoryMidCategoryId=50000056&categoryRootCategoryId=50000008&period=P1D,50000008,50000056.0,50000378.0,생활/건강,수집품,이색수집품,2022-02-03 15:54:10,2022-02-03 15:54:10,Y
https://search.shopping.naver.com/best/category/purchase?categoryCategoryId=50000949&categoryChildCategoryId=50000949&categoryDemo=A00&categoryMidCategoryId=50000056&categoryRootCategoryId=50000008&period=P1D,50000008,50000056.0,50000949.0,생활/건강,수집품,게임,2022-02-03 15:54:10,2022-02-03 15:54:10,Y
https://search.shopping.naver.com/best/category/purchase?categoryCategoryId=50000950&categoryChildCategoryId=50000950&categoryDemo=A00&categoryMidCategoryId=50000056&categoryRootCategoryId=50000008&period=P1D,50000008,50000056.0,50000950.0,생활/건강,수집품,퍼즐/블록,2022-02-03 15:54:10,2022-02-03 15:54:10,Y
https://search.shopping.naver.com/best/category/purchase?categoryCategoryId=50000952&categoryChildCategoryId=50000952&categoryDemo=A00&categoryMidCategoryId=50000056&categoryRootCategoryId=50000008&period=P1D,50000008,50000056.0,50000952.0,생활/건강,수집품,무선/RC,2022-02-03 15:54:10,2022-02-03 15:54:10,Y
https://search.shopping.naver.com/best/category/purchase?categoryCategoryId=50000957&categoryChildCategoryId=50000957&categoryDemo=A00&categoryMidCategoryId=50000056&categoryRootCategoryId=50000008&period=P1D,50000008,50000056.0,50000957.0,생활/건강,수집품,중고도서,2022-02-03 15:54:10,2022-02-03 15:54:10,Y
https://search.shopping.naver.com/best/category/purchase?categoryCategoryId=50007079&categoryChildCategoryId=50007079&categoryDemo=A00&categoryMidCategoryId=50000056&categoryRootCategoryId=50000008&period=P1D,50000008,50000056.0,50007079.0,생활/건강,수집품,아이돌굿즈,2022-02-03 15:54:10,2022-02-03 15:54:10,Y
https://search.shopping.naver.com/best/category/purchase?categoryCategoryId=50000057&categoryChildCategoryId=&categoryDemo=A00&categoryMidCategoryId=50000057&categoryRootCategoryId=50000008&period=P1D,50000008,50000057.0,,생활/건강,관상어용품,,2022-02-03 15:54:10,2022-02-03 15:54:10,Y
https://search.shopping.naver.com/best/category/purchase?categoryCategoryId=50000380&categoryChildCategoryId=50000380&categoryDemo=A00&categoryMidCategoryId=50000057&categoryRootCategoryId=50000008&period=P1D,50000008,50000057.0,50000380.0,생활/건강,관상어용품,사료,2022-02-03 15:54:10,2022-02-03 15:54:10,Y
https://search.shopping.naver.com/best/category/purchase?categoryCategoryId=50000381&categoryChildCategoryId=50000381&categoryDemo=A00&categoryMidCategoryId=50000057&categoryRootCategoryId=50000008&period=P1D,50000008,50000057.0,50000381.0,생활/건강,관상어용품,수조장식용품,2022-02-03 15:54:10,2022-02-03 15:54:10,Y
https://search.shopping.naver.com/best/category/purchase?categoryCategoryId=50000382&categoryChildCategoryId=50000382&categoryDemo=A00&categoryMidCategoryId=50000057&categoryRootCategoryId=50000008&period=P1D,50000008,50000057.0,50000382.0,생활/건강,관상어용품,수조청소용품,2022-02-03 15:54:10,2022-02-03 15:54:10,Y
https://search.shopping.naver.com/best/category/purchase?categoryCategoryId=50000383&categoryChildCategoryId=50000383&categoryDemo=A00&categoryMidCategoryId=50000057&categoryRootCategoryId=50000008&period=P1D,50000008,50000057.0,50000383.0,생활/건강,관상어용품,수족관/어항,2022-02-03 15:54:10,2022-02-03 15:54:10,Y
https://search.shopping.naver.com/best/category/purchase?categoryCategoryId=50000384&categoryChildCategoryId=50000384&categoryDemo=A00&categoryMidCategoryId=50000057&categoryRootCategoryId=50000008&period=P1D,50000008,50000057.0,50000384.0,생활/건강,관상어용품,수초,2022-02-03 15:54:10,2022-02-03 15:54:10,Y
https://search.shopping.naver.com/best/category/purchase?categoryCategoryId=50000385&categoryChildCategoryId=50000385&categoryDemo=A00&categoryMidCategoryId=50000057&categoryRootCategoryId=50000008&period=P1D,50000008,50000057.0,50000385.0,생활/건강,관상어용품,에어/기포,2022-02-03 15:54:10,2022-02-03 15:54:10,Y
https://search.shopping.naver.com/best/category/purchase?categoryCategoryId=50000386&categoryChildCategoryId=50000386&categoryDemo=A00&categoryMidCategoryId=50000057&categoryRootCategoryId=50000008&period=P1D,50000008,50000057.0,50000386.0,생활/건강,관상어용품,모터,2022-02-03 15:54:10,2022-02-03 15:54:10,Y
https://search.shopping.naver.com/best/category/purchase?categoryCategoryId=50000387&categoryChildCategoryId=50000387&categoryDemo=A00&categoryMidCategoryId=50000057&categoryRootCategoryId=50000008&period=P1D,50000008,50000057.0,50000387.0,생활/건강,관상어용품,히터,2022-02-03 15:54:10,2022-02-03 15:54:10,Y
https://search.shopping.naver.com/best/category/purchase?categoryCategoryId=50000388&categoryChildCategoryId=50000388&categoryDemo=A00&categoryMidCategoryId=50000057&categoryRootCategoryId=50000008&period=P1D,50000008,50000057.0,50000388.0,생활/건강,관상어용품,조명,2022-02-03 15:54:10,2022-02-03 15:54:10,Y
https://search.shopping.naver.com/best/category/purchase?categoryCategoryId=50000389&categoryChildCategoryId=50000389&categoryDemo=A00&categoryMidCategoryId=50000057&categoryRootCategoryId=50000008&period=P1D,50000008,50000057.0,50000389.0,생활/건강,관상어용품,여과기/여과제,2022-02-03 15:54:10,2022-02-03 15:54:10,Y
https://search.shopping.naver.com/best/category/purchase?categoryCategoryId=50000058&categoryChildCategoryId=&categoryDemo=A00&categoryMidCategoryId=50000058&categoryRootCategoryId=50000008&period=P1D,50000008,50000058.0,,생활/건강,음반,,2022-02-03 15:54:10,2022-02-03 15:54:10,Y
https://search.shopping.naver.com/best/category/purchase?categoryCategoryId=50000234&categoryChildCategoryId=50000234&categoryDemo=A00&categoryMidCategoryId=50000058&categoryRootCategoryId=50000008&period=P1D,50000008,50000058.0,50000234.0,생활/건강,음반,국내앨범,2022-02-03 15:54:10,2022-02-03 15:54:10,Y
https://search.shopping.naver.com/best/category/purchase?categoryCategoryId=50000235&categoryChildCategoryId=50000235&categoryDemo=A00&categoryMidCategoryId=50000058&categoryRootCategoryId=50000008&period=P1D,50000008,50000058.0,50000235.0,생활/건강,음반,해외앨범,2022-02-03 15:54:10,2022-02-03 15:54:10,Y
https://search.shopping.naver.com/best/category/purchase?categoryCategoryId=50000059&categoryChildCategoryId=&categoryDemo=A00&categoryMidCategoryId=50000059&categoryRootCategoryId=50000008&period=P1D,50000008,50000059.0,,생활/건강,DVD,,2022-02-03 15:54:10,2022-02-03 15:54:10,Y
https://search.shopping.naver.com/best/category/purchase?categoryCategoryId=50000061&categoryChildCategoryId=&categoryDemo=A00&categoryMidCategoryId=50000061&categoryRootCategoryId=50000008&period=P1D,50000008,50000061.0,,생활/건강,주방용품,,2022-02-03 15:54:10,2022-02-03 15:54:10,Y
https://search.shopping.naver.com/best/category/purchase?categoryCategoryId=50000216&categoryChildCategoryId=50000216&categoryDemo=A00&categoryMidCategoryId=50000061&categoryRootCategoryId=50000008&period=P1D,50000008,50000061.0,50000216.0,생활/건강,주방용품,도마,2022-02-03 15:54:10,2022-02-03 15:54:10,Y
https://search.shopping.naver.com/best/category/purchase?categoryCategoryId=50000881&categoryChildCategoryId=50000881&categoryDemo=A00&categoryMidCategoryId=50000061&categoryRootCategoryId=50000008&period=P1D,50000008,50000061.0,50000881.0,생활/건강,주방용품,식기,2022-02-03 15:54:10,2022-02-03 15:54:10,Y
https://search.shopping.naver.com/best/category/purchase?categoryCategoryId=50000882&categoryChildCategoryId=50000882&categoryDemo=A00&categoryMidCategoryId=50000061&categoryRootCategoryId=50000008&period=P1D,50000008,50000061.0,50000882.0,생활/건강,주방용품,잔/컵,2022-02-03 15:54:10,2022-02-03 15:54:10,Y
https://search.shopping.naver.com/best/category/purchase?categoryCategoryId=50000883&categoryChildCategoryId=50000883&categoryDemo=A00&categoryMidCategoryId=50000061&categoryRootCategoryId=50000008&period=P1D,50000008,50000061.0,50000883.0,생활/건강,주방용품,냄비/솥,2022-02-03 15:54:10,2022-02-03 15:54:10,Y
https://search.shopping.naver.com/best/category/purchase?categoryCategoryId=50000884&categoryChildCategoryId=50000884&categoryDemo=A00&categoryMidCategoryId=50000061&categoryRootCategoryId=50000008&period=P1D,50000008,50000061.0,50000884.0,생활/건강,주방용품,프라이팬,2022-02-03 15:54:10,2022-02-03 15:54:10,Y
https://search.shopping.naver.com/best/category/purchase?categoryCategoryId=50000885&categoryChildCategoryId=50000885&categoryDemo=A00&categoryMidCategoryId=50000061&categoryRootCategoryId=50000008&period=P1D,50000008,50000061.0,50000885.0,생활/건강,주방용품,주전자/티포트,2022-02-03 15:54:10,2022-02-03 15:54:10,Y
https://search.shopping.naver.com/best/category/purchase?categoryCategoryId=50000886&categoryChildCategoryId=50000886&categoryDemo=A00&categoryMidCategoryId=50000061&categoryRootCategoryId=50000008&period=P1D,50000008,50000061.0,50000886.0,생활/건강,주방용품,보관/밀폐용기,2022-02-03 15:54:10,2022-02-03 15:54:10,Y
https://search.shopping.naver.com/best/category/purchase?categoryCategoryId=50000887&categoryChildCategoryId=50000887&categoryDemo=A00&categoryMidCategoryId=50000061&categoryRootCategoryId=50000008&period=P1D,50000008,50000061.0,50000887.0,생활/건강,주방용품,칼/커팅기구,2022-02-03 15:54:10,2022-02-03 15:54:10,Y
https://search.shopping.naver.com/best/category/purchase?categoryCategoryId=50000889&categoryChildCategoryId=50000889&categoryDemo=A00&categoryMidCategoryId=50000061&categoryRootCategoryId=50000008&period=P1D,50000008,50000061.0,50000889.0,생활/건강,주방용품,주방수납용품,2022-02-03 15:54:10,2022-02-03 15:54:10,Y
https://search.shopping.naver.com/best/category/purchase?categoryCategoryId=50000890&categoryChildCategoryId=50000890&categoryDemo=A00&categoryMidCategoryId=50000061&categoryRootCategoryId=50000008&period=P1D,50000008,50000061.0,50000890.0,생활/건강,주방용품,조리기구,2022-02-03 15:54:10,2022-02-03 15:54:10,Y
https://search.shopping.naver.com/best/category/purchase?categoryCategoryId=50000891&categoryChildCategoryId=50000891&categoryDemo=A00&categoryMidCategoryId=50000061&categoryRootCategoryId=50000008&period=P1D,50000008,50000061.0,50000891.0,생활/건강,주방용품,커피용품,2022-02-03 15:54:10,2022-02-03 15:54:10,Y
https://search.shopping.naver.com/best/category/purchase?categoryCategoryId=50000892&categoryChildCategoryId=50000892&categoryDemo=A00&categoryMidCategoryId=50000061&categoryRootCategoryId=50000008&period=P1D,50000008,50000061.0,50000892.0,생활/건강,주방용품,와인용품,2022-02-03 15:54:10,2022-02-03 15:54:10,Y
https://search.shopping.naver.com/best/category/purchase?categoryCategoryId=50000893&categoryChildCategoryId=50000893&categoryDemo=A00&categoryMidCategoryId=50000061&categoryRootCategoryId=50000008&period=P1D,50000008,50000061.0,50000893.0,생활/건강,주방용품,제과/제빵용품,2022-02-03 15:54:10,2022-02-03 15:54:10,Y
https://search.shopping.naver.com/best/category/purchase?categoryCategoryId=50000894&categoryChildCategoryId=50000894&categoryDemo=A00&categoryMidCategoryId=50000061&categoryRootCategoryId=50000008&period=P1D,50000008,50000061.0,50000894.0,생활/건강,주방용품,주방잡화,2022-02-03 15:54:10,2022-02-03 15:54:10,Y
https://search.shopping.naver.com/best/category/purchase?categoryCategoryId=50000895&categoryChildCategoryId=50000895&categoryDemo=A00&categoryMidCategoryId=50000061&categoryRootCategoryId=50000008&period=P1D,50000008,50000061.0,50000895.0,생활/건강,주방용품,제수용품,2022-02-03 15:54:10,2022-02-03 15:54:10,Y
https://search.shopping.naver.com/best/category/purchase?categoryCategoryId=50000062&categoryChildCategoryId=&categoryDemo=A00&categoryMidCategoryId=50000062&categoryRootCategoryId=50000008&period=P1D,50000008,50000062.0,,생활/건강,세탁용품,,2022-02-03 15:54:10,2022-02-03 15:54:10,Y
https://search.shopping.naver.com/best/category/purchase?categoryCategoryId=50000901&categoryChildCategoryId=50000901&categoryDemo=A00&categoryMidCategoryId=50000062&categoryRootCategoryId=50000008&period=P1D,50000008,50000062.0,50000901.0,생활/건강,세탁용품,빨래건조대,2022-02-03 15:54:10,2022-02-03 15:54:10,Y
https://search.shopping.naver.com/best/category/purchase?categoryCategoryId=50002034&categoryChildCategoryId=50002034&categoryDemo=A00&categoryMidCategoryId=50000062&categoryRootCategoryId=50000008&period=P1D,50000008,50000062.0,50002034.0,생활/건강,세탁용품,다림판,2022-02-03 15:54:10,2022-02-03 15:54:10,Y
https://search.shopping.naver.com/best/category/purchase?categoryCategoryId=50002036&categoryChildCategoryId=50002036&categoryDemo=A00&categoryMidCategoryId=50000062&categoryRootCategoryId=50000008&period=P1D,50000008,50000062.0,50002036.0,생활/건강,세탁용품,빨래바구니,2022-02-03 15:54:10,2022-02-03 15:54:10,Y
https://search.shopping.naver.com/best/category/purchase?categoryCategoryId=50002041&categoryChildCategoryId=50002041&categoryDemo=A00&categoryMidCategoryId=50000062&categoryRootCategoryId=50000008&period=P1D,50000008,50000062.0,50002041.0,생활/건강,세탁용품,세탁망,2022-02-03 15:54:10,2022-02-03 15:54:10,Y
https://search.shopping.naver.com/best/category/purchase?categoryCategoryId=50000063&categoryChildCategoryId=&categoryDemo=A00&categoryMidCategoryId=50000063&categoryRootCategoryId=50000008&period=P1D,50000008,50000063.0,,생활/건강,건강측정용품,,2022-02-03 15:54:10,2022-02-03 15:54:10,Y
https://search.shopping.naver.com/best/category/purchase?categoryCategoryId=50000902&categoryChildCategoryId=50000902&categoryDemo=A00&categoryMidCategoryId=50000063&categoryRootCategoryId=50000008&period=P1D,50000008,50000063.0,50000902.0,생활/건강,건강측정용품,체중계,2022-02-03 15:54:10,2022-02-03 15:54:10,Y
https://search.shopping.naver.com/best/category/purchase?categoryCategoryId=50002045&categoryChildCategoryId=50002045&categoryDemo=A00&categoryMidCategoryId=50000063&categoryRootCategoryId=50000008&period=P1D,50000008,50000063.0,50002045.0,생활/건강,건강측정용품,만보계,2022-02-03 15:54:10,2022-02-03 15:54:10,Y
https://search.shopping.naver.com/best/category/purchase?categoryCategoryId=50002047&categoryChildCategoryId=50002047&categoryDemo=A00&categoryMidCategoryId=50000063&categoryRootCategoryId=50000008&period=P1D,50000008,50000063.0,50002047.0,생활/건강,건강측정용품,체온계,2022-02-03 15:54:10,2022-02-03 15:54:10,Y
https://search.shopping.naver.com/best/category/purchase?categoryCategoryId=50002049&categoryChildCategoryId=50002049&categoryDemo=A00&categoryMidCategoryId=50000063&categoryRootCategoryId=50000008&period=P1D,50000008,50000063.0,50002049.0,생활/건강,건강측정용품,혈압계,2022-02-03 15:54:10,2022-02-03 15:54:10,Y
https://search.shopping.naver.com/best/category/purchase?categoryCategoryId=50000064&categoryChildCategoryId=&categoryDemo=A00&categoryMidCategoryId=50000064&categoryRootCategoryId=50000008&period=P1D,50000008,50000064.0,,생활/건강,건강관리용품,,2022-02-03 15:54:10,2022-02-03 15:54:10,Y
https://search.shopping.naver.com/best/category/purchase?categoryCategoryId=50002053&categoryChildCategoryId=50002053&categoryDemo=A00&categoryMidCategoryId=50000064&categoryRootCategoryId=50000008&period=P1D,50000008,50000064.0,50002053.0,생활/건강,건강관리용품,건강팔찌,2022-02-03 15:54:10,2022-02-03 15:54:10,Y
https://search.shopping.naver.com/best/category/purchase?categoryCategoryId=50002057&categoryChildCategoryId=50002057&categoryDemo=A00&categoryMidCategoryId=50000064&categoryRootCategoryId=50000008&period=P1D,50000008,50000064.0,50002057.0,생활/건강,건강관리용품,먼지차단마스크,2022-02-03 15:54:10,2022-02-03 15:54:10,Y
https://search.shopping.naver.com/best/category/purchase?categoryCategoryId=50002060&categoryChildCategoryId=50002060&categoryDemo=A00&categoryMidCategoryId=50000064&categoryRootCategoryId=50000008&period=P1D,50000008,50000064.0,50002060.0,생활/건강,건강관리용품,코건강용품,2022-02-03 15:54:10,2022-02-03 15:54:10,Y
https://search.shopping.naver.com/best/category/purchase?categoryCategoryId=50002062&categoryChildCategoryId=50002062&categoryDemo=A00&categoryMidCategoryId=50000064&categoryRootCategoryId=50000008&period=P1D,50000008,50000064.0,50002062.0,생활/건강,건강관리용품,파라핀용품,2022-02-03 15:54:10,2022-02-03 15:54:10,Y
https://search.shopping.naver.com/best/category/purchase?categoryCategoryId=50002063&categoryChildCategoryId=50002063&categoryDemo=A00&categoryMidCategoryId=50000064&categoryRootCategoryId=50000008&period=P1D,50000008,50000064.0,50002063.0,생활/건강,건강관리용품,기타건강관리용품,2022-02-03 15:54:10,2022-02-03 15:54:10,Y
https://search.shopping.naver.com/best/category/purchase?categoryCategoryId=50009061&categoryChildCategoryId=50009061&categoryDemo=A00&categoryMidCategoryId=50000064&categoryRootCategoryId=50000008&period=P1D,50000008,50000064.0,50009061.0,생활/건강,건강관리용품,마스크액세서리,2022-02-03 15:54:10,2022-02-03 15:54:10,Y
https://search.shopping.naver.com/best/category/purchase?categoryCategoryId=50000065&categoryChildCategoryId=&categoryDemo=A00&categoryMidCategoryId=50000065&categoryRootCategoryId=50000008&period=P1D,50000008,50000065.0,,생활/건강,당뇨관리용품,,2022-02-03 15:54:10,2022-02-03 15:54:10,Y
https://search.shopping.naver.com/best/category/purchase?categoryCategoryId=50002064&categoryChildCategoryId=50002064&categoryDemo=A00&categoryMidCategoryId=50000065&categoryRootCategoryId=50000008&period=P1D,50000008,50000065.0,50002064.0,생활/건강,당뇨관리용품,침/바늘,2022-02-03 15:54:10,2022-02-03 15:54:10,Y
https://search.shopping.naver.com/best/category/purchase?categoryCategoryId=50002065&categoryChildCategoryId=50002065&categoryDemo=A00&categoryMidCategoryId=50000065&categoryRootCategoryId=50000008&period=P1D,50000008,50000065.0,50002065.0,생활/건강,당뇨관리용품,혈당측정지,2022-02-03 15:54:10,2022-02-03 15:54:10,Y
https://search.shopping.naver.com/best/category/purchase?categoryCategoryId=50002066&categoryChildCategoryId=50002066&categoryDemo=A00&categoryMidCategoryId=50000065&categoryRootCategoryId=50000008&period=P1D,50000008,50000065.0,50002066.0,생활/건강,당뇨관리용품,혈당계,2022-02-03 15:54:10,2022-02-03 15:54:10,Y
https://search.shopping.naver.com/best/category/purchase?categoryCategoryId=50000066&categoryChildCategoryId=&categoryDemo=A00&categoryMidCategoryId=50000066&categoryRootCategoryId=50000008&period=P1D,50000008,50000066.0,,생활/건강,의료용품,,2022-02-03 15:54:10,2022-02-03 15:54:10,Y
https://search.shopping.naver.com/best/category/purchase?categoryCategoryId=50002067&categoryChildCategoryId=50002067&categoryDemo=A00&categoryMidCategoryId=50000066&categoryRootCategoryId=50000008&period=P1D,50000008,50000066.0,50002067.0,생활/건강,의료용품,거즈/붕대/솜류,2022-02-03 15:54:10,2022-02-03 15:54:10,Y
https://search.shopping.naver.com/best/category/purchase?categoryCategoryId=50002068&categoryChildCategoryId=50002068&categoryDemo=A00&categoryMidCategoryId=50000066&categoryRootCategoryId=50000008&period=P1D,50000008,50000066.0,50002068.0,생활/건강,의료용품,구급/응급용품,2022-02-03 15:54:10,2022-02-03 15:54:10,Y
https://search.shopping.naver.com/best/category/purchase?categoryCategoryId=50000067&categoryChildCategoryId=&categoryDemo=A00&categoryMidCategoryId=50000067&categoryRootCategoryId=50000008&period=P1D,50000008,50000067.0,,생활/건강,실버용품,,2022-02-03 15:54:10,2022-02-03 15:54:10,Y
https://search.shopping.naver.com/best/category/purchase?categoryCategoryId=50000903&categoryChildCategoryId=50000903&categoryDemo=A00&categoryMidCategoryId=50000067&categoryRootCategoryId=50000008&period=P1D,50000008,50000067.0,50000903.0,생활/건강,실버용품,휠체어,2022-02-03 15:54:10,2022-02-03 15:54:10,Y
https://search.shopping.naver.com/best/category/purchase?categoryCategoryId=50001945&categoryChildCategoryId=50001945&categoryDemo=A00&categoryMidCategoryId=50000067&categoryRootCategoryId=50000008&period=P1D,50000008,50000067.0,50001945.0,생활/건강,실버용품,보행보조용품,2022-02-03 15:54:10,2022-02-03 15:54:10,Y
https://search.shopping.naver.com/best/category/purchase?categoryCategoryId=50001946&categoryChildCategoryId=50001946&categoryDemo=A00&categoryMidCategoryId=50000067&categoryRootCategoryId=50000008&period=P1D,50000008,50000067.0,50001946.0,생활/건강,실버용품,보행차/실버카,2022-02-03 15:54:10,2022-02-03 15:54:10,Y
https://search.shopping.naver.com/best/category/purchase?categoryCategoryId=50001947&categoryChildCategoryId=50001947&categoryDemo=A00&categoryMidCategoryId=50000067&categoryRootCategoryId=50000008&period=P1D,50000008,50000067.0,50001947.0,생활/건강,실버용품,목욕보조용품,2022-02-03 15:54:10,2022-02-03 15:54:10,Y
https://search.shopping.naver.com/best/category/purchase?categoryCategoryId=50001948&categoryChildCategoryId=50001948&categoryDemo=A00&categoryMidCategoryId=50000067&categoryRootCategoryId=50000008&period=P1D,50000008,50000067.0,50001948.0,생활/건강,실버용품,배변보조용품,2022-02-03 15:54:10,2022-02-03 15:54:10,Y
https://search.shopping.naver.com/best/category/purchase?categoryCategoryId=50001949&categoryChildCategoryId=50001949&categoryDemo=A00&categoryMidCategoryId=50000067&categoryRootCategoryId=50000008&period=P1D,50000008,50000067.0,50001949.0,생활/건강,실버용품,욕창방지용품,2022-02-03 15:54:10,2022-02-03 15:54:10,Y
https://search.shopping.naver.com/best/category/purchase?categoryCategoryId=50001950&categoryChildCategoryId=50001950&categoryDemo=A00&categoryMidCategoryId=50000067&categoryRootCategoryId=50000008&period=P1D,50000008,50000067.0,50001950.0,생활/건강,실버용품,장례용품/수의,2022-02-03 15:54:10,2022-02-03 15:54:10,Y
https://search.shopping.naver.com/best/category/purchase?categoryCategoryId=50002071&categoryChildCategoryId=50002071&categoryDemo=A00&categoryMidCategoryId=50000067&categoryRootCategoryId=50000008&period=P1D,50000008,50000067.0,50002071.0,생활/건강,실버용품,돋보기,2022-02-03 15:54:10,2022-02-03 15:54:10,Y
https://search.shopping.naver.com/best/category/purchase?categoryCategoryId=50002072&categoryChildCategoryId=50002072&categoryDemo=A00&categoryMidCategoryId=50000067&categoryRootCategoryId=50000008&period=P1D,50000008,50000067.0,50002072.0,생활/건강,실버용품,보청기,2022-02-03 15:54:10,2022-02-03 15:54:10,Y
https://search.shopping.naver.com/best/category/purchase?categoryCategoryId=50000068&categoryChildCategoryId=&categoryDemo=A00&categoryMidCategoryId=50000068&categoryRootCategoryId=50000008&period=P1D,50000008,50000068.0,,생활/건강,재활운동용품,,2022-02-03 15:54:10,2022-02-03 15:54:10,Y
https://search.shopping.naver.com/best/category/purchase?categoryCategoryId=50001952&categoryChildCategoryId=50001952&categoryDemo=A00&categoryMidCategoryId=50000068&categoryRootCategoryId=50000008&period=P1D,50000008,50000068.0,50001952.0,생활/건강,재활운동용품,목보호대,2022-02-03 15:54:10,2022-02-03 15:54:10,Y
https://search.shopping.naver.com/best/category/purchase?categoryCategoryId=50001959&categoryChildCategoryId=50001959&categoryDemo=A00&categoryMidCategoryId=50000068&categoryRootCategoryId=50000008&period=P1D,50000008,50000068.0,50001959.0,생활/건강,재활운동용품,자세교정용품,2022-02-03 15:54:10,2022-02-03 15:54:10,Y
https://search.shopping.naver.com/best/category/purchase?categoryCategoryId=50001960&categoryChildCategoryId=50001960&categoryDemo=A00&categoryMidCategoryId=50000068&categoryRootCategoryId=50000008&period=P1D,50000008,50000068.0,50001960.0,생활/건강,재활운동용품,의료용압박스타킹,2022-02-03 15:54:10,2022-02-03 15:54:10,Y
https://search.shopping.naver.com/best/category/purchase?categoryCategoryId=50000069&categoryChildCategoryId=&categoryDemo=A00&categoryMidCategoryId=50000069&categoryRootCategoryId=50000008&period=P1D,50000008,50000069.0,,생활/건강,물리치료/저주파용품,,2022-02-03 15:54:10,2022-02-03 15:54:10,Y
https://search.shopping.naver.com/best/category/purchase?categoryCategoryId=50000070&categoryChildCategoryId=&categoryDemo=A00&categoryMidCategoryId=50000070&categoryRootCategoryId=50000008&period=P1D,50000008,50000070.0,,생활/건강,좌욕/좌훈용품,,2022-02-03 15:54:10,2022-02-03 15:54:10,Y
https://search.shopping.naver.com/best/category/purchase?categoryCategoryId=50000071&categoryChildCategoryId=&categoryDemo=A00&categoryMidCategoryId=50000071&categoryRootCategoryId=50000008&period=P1D,50000008,50000071.0,,생활/건강,냉온/찜질용품,,2022-02-03 15:54:10,2022-02-03 15:54:10,Y
https://search.shopping.naver.com/best/category/purchase?categoryCategoryId=50001931&categoryChildCategoryId=50001931&categoryDemo=A00&categoryMidCategoryId=50000071&categoryRootCategoryId=50000008&period=P1D,50000008,50000071.0,50001931.0,생활/건강,냉온/찜질용품,찜질기,2022-02-03 15:54:10,2022-02-03 15:54:10,Y
https://search.shopping.naver.com/best/category/purchase?categoryCategoryId=50001932&categoryChildCategoryId=50001932&categoryDemo=A00&categoryMidCategoryId=50000071&categoryRootCategoryId=50000008&period=P1D,50000008,50000071.0,50001932.0,생활/건강,냉온/찜질용품,찜질팩,2022-02-03 15:54:10,2022-02-03 15:54:10,Y
https://search.shopping.naver.com/best/category/purchase?categoryCategoryId=50000072&categoryChildCategoryId=&categoryDemo=A00&categoryMidCategoryId=50000072&categoryRootCategoryId=50000008&period=P1D,50000008,50000072.0,,생활/건강,구강위생용품,,2022-02-03 15:54:10,2022-02-03 15:54:10,Y
https://search.shopping.naver.com/best/category/purchase?categoryCategoryId=50001933&categoryChildCategoryId=50001933&categoryDemo=A00&categoryMidCategoryId=50000072&categoryRootCategoryId=50000008&period=P1D,50000008,50000072.0,50001933.0,생활/건강,구강위생용품,구강청정제/가글,2022-02-03 15:54:10,2022-02-03 15:54:10,Y
https://search.shopping.naver.com/best/category/purchase?categoryCategoryId=50001935&categoryChildCategoryId=50001935&categoryDemo=A00&categoryMidCategoryId=50000072&categoryRootCategoryId=50000008&period=P1D,50000008,50000072.0,50001935.0,생활/건강,구강위생용품,치실/치간칫솔,2022-02-03 15:54:10,2022-02-03 15:54:10,Y
https://search.shopping.naver.com/best/category/purchase?categoryCategoryId=50001937&categoryChildCategoryId=50001937&categoryDemo=A00&categoryMidCategoryId=50000072&categoryRootCategoryId=50000008&period=P1D,50000008,50000072.0,50001937.0,생활/건강,구강위생용품,치약,2022-02-03 15:54:10,2022-02-03 15:54:10,Y
https://search.shopping.naver.com/best/category/purchase?categoryCategoryId=50001938&categoryChildCategoryId=50001938&categoryDemo=A00&categoryMidCategoryId=50000072&categoryRootCategoryId=50000008&period=P1D,50000008,50000072.0,50001938.0,생활/건강,구강위생용품,칫솔,2022-02-03 15:54:10,2022-02-03 15:54:10,Y
https://search.shopping.naver.com/best/category/purchase?categoryCategoryId=50001943&categoryChildCategoryId=50001943&categoryDemo=A00&categoryMidCategoryId=50000072&categoryRootCategoryId=50000008&period=P1D,50000008,50000072.0,50001943.0,생활/건강,구강위생용품,치석제거기,2022-02-03 15:54:10,2022-02-03 15:54:10,Y
https://search.shopping.naver.com/best/category/purchase?categoryCategoryId=50000073&categoryChildCategoryId=&categoryDemo=A00&categoryMidCategoryId=50000073&categoryRootCategoryId=50000008&period=P1D,50000008,50000073.0,,생활/건강,눈건강용품,,2022-02-03 15:54:10,2022-02-03 15:54:10,Y
https://search.shopping.naver.com/best/category/purchase?categoryCategoryId=50001817&categoryChildCategoryId=50001817&categoryDemo=A00&categoryMidCategoryId=50000073&categoryRootCategoryId=50000008&period=P1D,50000008,50000073.0,50001817.0,생활/건강,눈건강용품,렌즈세정액,2022-02-03 15:54:10,2022-02-03 15:54:10,Y
https://search.shopping.naver.com/best/category/purchase?categoryCategoryId=50001818&categoryChildCategoryId=50001818&categoryDemo=A00&categoryMidCategoryId=50000073&categoryRootCategoryId=50000008&period=P1D,50000008,50000073.0,50001818.0,생활/건강,눈건강용품,렌즈세척기,2022-02-03 15:54:10,2022-02-03 15:54:10,Y
https://search.shopping.naver.com/best/category/purchase?categoryCategoryId=50001819&categoryChildCategoryId=50001819&categoryDemo=A00&categoryMidCategoryId=50000073&categoryRootCategoryId=50000008&period=P1D,50000008,50000073.0,50001819.0,생활/건강,눈건강용품,안대,2022-02-03 15:54:10,2022-02-03 15:54:10,Y
https://search.shopping.naver.com/best/category/purchase?categoryCategoryId=50000074&categoryChildCategoryId=&categoryDemo=A00&categoryMidCategoryId=50000074&categoryRootCategoryId=50000008&period=P1D,50000008,50000074.0,,생활/건강,발건강용품,,2022-02-03 15:54:10,2022-02-03 15:54:10,Y
https://search.shopping.naver.com/best/category/purchase?categoryCategoryId=50000075&categoryChildCategoryId=&categoryDemo=A00&categoryMidCategoryId=50000075&categoryRootCategoryId=50000008&period=P1D,50000008,50000075.0,,생활/건강,안마용품,,2022-02-03 15:54:10,2022-02-03 15:54:10,Y
https://search.shopping.naver.com/best/category/purchase?categoryCategoryId=50001828&categoryChildCategoryId=50001828&categoryDemo=A00&categoryMidCategoryId=50000075&categoryRootCategoryId=50000008&period=P1D,50000008,50000075.0,50001828.0,생활/건강,안마용품,안마의자,2022-02-03 15:54:10,2022-02-03 15:54:10,Y
https://search.shopping.naver.com/best/category/purchase?categoryCategoryId=50001830&categoryChildCategoryId=50001830&categoryDemo=A00&categoryMidCategoryId=50000075&categoryRootCategoryId=50000008&period=P1D,50000008,50000075.0,50001830.0,생활/건강,안마용품,안마기,2022-02-03 15:54:10,2022-02-03 15:54:10,Y
https://search.shopping.naver.com/best/category/purchase?categoryCategoryId=50001834&categoryChildCategoryId=50001834&categoryDemo=A00&categoryMidCategoryId=50000075&categoryRootCategoryId=50000008&period=P1D,50000008,50000075.0,50001834.0,생활/건강,안마용품,기타안마용품,2022-02-03 15:54:10,2022-02-03 15:54:10,Y
https://search.shopping.naver.com/best/category/purchase?categoryCategoryId=50000076&categoryChildCategoryId=&categoryDemo=A00&categoryMidCategoryId=50000076&categoryRootCategoryId=50000008&period=P1D,50000008,50000076.0,,생활/건강,수납/정리용품,,2022-02-03 15:54:10,2022-02-03 15:54:10,Y
https://search.shopping.naver.com/best/category/purchase?categoryCategoryId=50000904&categoryChildCategoryId=50000904&categoryDemo=A00&categoryMidCategoryId=50000076&categoryRootCategoryId=50000008&period=P1D,50000008,50000076.0,50000904.0,생활/건강,수납/정리용품,선반/진열대,2022-02-03 15:54:10,2022-02-03 15:54:10,Y
https://search.shopping.naver.com/best/category/purchase?categoryCategoryId=50000905&categoryChildCategoryId=50000905&categoryDemo=A00&categoryMidCategoryId=50000076&categoryRootCategoryId=50000008&period=P1D,50000008,50000076.0,50000905.0,생활/건강,수납/정리용품,정리함,2022-02-03 15:54:10,2022-02-03 15:54:10,Y
https://search.shopping.naver.com/best/category/purchase?categoryCategoryId=50000906&categoryChildCategoryId=50000906&categoryDemo=A00&categoryMidCategoryId=50000076&categoryRootCategoryId=50000008&period=P1D,50000008,50000076.0,50000906.0,생활/건강,수납/정리용품,옷걸이,2022-02-03 15:54:10,2022-02-03 15:54:10,Y
https://search.shopping.naver.com/best/category/purchase?categoryCategoryId=50001835&categoryChildCategoryId=50001835&categoryDemo=A00&categoryMidCategoryId=50000076&categoryRootCategoryId=50000008&period=P1D,50000008,50000076.0,50001835.0,생활/건강,수납/정리용품,바구니,2022-02-03 15:54:10,2022-02-03 15:54:10,Y
https://search.shopping.naver.com/best/category/purchase?categoryCategoryId=50001836&categoryChildCategoryId=50001836&categoryDemo=A00&categoryMidCategoryId=50000076&categoryRootCategoryId=50000008&period=P1D,50000008,50000076.0,50001836.0,생활/건강,수납/정리용품,소품걸이,2022-02-03 15:54:10,2022-02-03 15:54:10,Y
https://search.shopping.naver.com/best/category/purchase?categoryCategoryId=50001837&categoryChildCategoryId=50001837&categoryDemo=A00&categoryMidCategoryId=50000076&categoryRootCategoryId=50000008&period=P1D,50000008,50000076.0,50001837.0,생활/건강,수납/정리용품,옷커버,2022-02-03 15:54:10,2022-02-03 15:54:10,Y
https://search.shopping.naver.com/best/category/purchase?categoryCategoryId=50001838&categoryChildCategoryId=50001838&categoryDemo=A00&categoryMidCategoryId=50000076&categoryRootCategoryId=50000008&period=P1D,50000008,50000076.0,50001838.0,생활/건강,수납/정리용품,압축팩,2022-02-03 15:54:10,2022-02-03 15:54:10,Y
https://search.shopping.naver.com/best/category/purchase?categoryCategoryId=50000077&categoryChildCategoryId=&categoryDemo=A00&categoryMidCategoryId=50000077&categoryRootCategoryId=50000008&period=P1D,50000008,50000077.0,,생활/건강,청소용품,,2022-02-03 15:54:10,2022-02-03 15:54:10,Y
https://search.shopping.naver.com/best/category/purchase?categoryCategoryId=50000907&categoryChildCategoryId=50000907&categoryDemo=A00&categoryMidCategoryId=50000077&categoryRootCategoryId=50000008&period=P1D,50000008,50000077.0,50000907.0,생활/건강,청소용품,휴지통,2022-02-03 15:54:10,2022-02-03 15:54:10,Y
https://search.shopping.naver.com/best/category/purchase?categoryCategoryId=50001840&categoryChildCategoryId=50001840&categoryDemo=A00&categoryMidCategoryId=50000077&categoryRootCategoryId=50000008&period=P1D,50000008,50000077.0,50001840.0,생활/건강,청소용품,밀대/패드,2022-02-03 15:54:10,2022-02-03 15:54:10,Y
https://search.shopping.naver.com/best/category/purchase?categoryCategoryId=50001841&categoryChildCategoryId=50001841&categoryDemo=A00&categoryMidCategoryId=50000077&categoryRootCategoryId=50000008&period=P1D,50000008,50000077.0,50001841.0,생활/건강,청소용품,빗자루/쓰레받기,2022-02-03 15:54:10,2022-02-03 15:54:10,Y
https://search.shopping.naver.com/best/category/purchase?categoryCategoryId=50001843&categoryChildCategoryId=50001843&categoryDemo=A00&categoryMidCategoryId=50000077&categoryRootCategoryId=50000008&period=P1D,50000008,50000077.0,50001843.0,생활/건강,청소용품,먼지떨이/먼지제거기,2022-02-03 15:54:10,2022-02-03 15:54:10,Y
https://search.shopping.naver.com/best/category/purchase?categoryCategoryId=50001844&categoryChildCategoryId=50001844&categoryDemo=A00&categoryMidCategoryId=50000077&categoryRootCategoryId=50000008&period=P1D,50000008,50000077.0,50001844.0,생활/건강,청소용품,솔,2022-02-03 15:54:10,2022-02-03 15:54:10,Y
https://search.shopping.naver.com/best/category/purchase?categoryCategoryId=50001845&categoryChildCategoryId=50001845&categoryDemo=A00&categoryMidCategoryId=50000077&categoryRootCategoryId=50000008&period=P1D,50000008,50000077.0,50001845.0,생활/건강,청소용품,유리닦이용품,2022-02-03 15:54:10,2022-02-03 15:54:10,Y
https://search.shopping.naver.com/best/category/purchase?categoryCategoryId=50001846&categoryChildCategoryId=50001846&categoryDemo=A00&categoryMidCategoryId=50000077&categoryRootCategoryId=50000008&period=P1D,50000008,50000077.0,50001846.0,생활/건강,청소용품,테이프클리너,2022-02-03 15:54:10,2022-02-03 15:54:10,Y
https://search.shopping.naver.com/best/category/purchase?categoryCategoryId=50001849&categoryChildCategoryId=50001849&categoryDemo=A00&categoryMidCategoryId=50000077&categoryRootCategoryId=50000008&period=P1D,50000008,50000077.0,50001849.0,생활/건강,청소용품,기타청소용품,2022-02-03 15:54:10,2022-02-03 15:54:10,Y
https://search.shopping.naver.com/best/category/purchase?categoryCategoryId=50000078&categoryChildCategoryId=&categoryDemo=A00&categoryMidCategoryId=50000078&categoryRootCategoryId=50000008&period=P1D,50000008,50000078.0,,생활/건강,생활용품,,2022-02-03 15:54:10,2022-02-03 15:54:10,Y
https://search.shopping.naver.com/best/category/purchase?categoryCategoryId=50000908&categoryChildCategoryId=50000908&categoryDemo=A00&categoryMidCategoryId=50000078&categoryRootCategoryId=50000008&period=P1D,50000008,50000078.0,50000908.0,생활/건강,생활용품,화장지,2022-02-03 15:54:10,2022-02-03 15:54:10,Y
https://search.shopping.naver.com/best/category/purchase?categoryCategoryId=50000909&categoryChildCategoryId=50000909&categoryDemo=A00&categoryMidCategoryId=50000078&categoryRootCategoryId=50000008&period=P1D,50000008,50000078.0,50000909.0,생활/건강,생활용품,생리대,2022-02-03 15:54:10,2022-02-03 15:54:10,Y
https://search.shopping.naver.com/best/category/purchase?categoryCategoryId=50000910&categoryChildCategoryId=50000910&categoryDemo=A00&categoryMidCategoryId=50000078&categoryRootCategoryId=50000008&period=P1D,50000008,50000078.0,50000910.0,생활/건강,생활용품,성인용기저귀,2022-02-03 15:54:10,2022-02-03 15:54:10,Y
https://search.shopping.naver.com/best/category/purchase?categoryCategoryId=50000911&categoryChildCategoryId=50000911&categoryDemo=A00&categoryMidCategoryId=50000078&categoryRootCategoryId=50000008&period=P1D,50000008,50000078.0,50000911.0,생활/건강,생활용품,세제/세정제,2022-02-03 15:54:10,2022-02-03 15:54:10,Y
https://search.shopping.naver.com/best/category/purchase?categoryCategoryId=50000912&categoryChildCategoryId=50000912&categoryDemo=A00&categoryMidCategoryId=50000078&categoryRootCategoryId=50000008&period=P1D,50000008,50000078.0,50000912.0,생활/건강,생활용품,섬유유연제,2022-02-03 15:54:10,2022-02-03 15:54:10,Y
https://search.shopping.naver.com/best/category/purchase?categoryCategoryId=50000913&categoryChildCategoryId=50000913&categoryDemo=A00&categoryMidCategoryId=50000078&categoryRootCategoryId=50000008&period=P1D,50000008,50000078.0,50000913.0,생활/건강,생활용품,제습/방향/탈취,2022-02-03 15:54:10,2022-02-03 15:54:10,Y
https://search.shopping.naver.com/best/category/purchase?categoryCategoryId=50000914&categoryChildCategoryId=50000914&categoryDemo=A00&categoryMidCategoryId=50000078&categoryRootCategoryId=50000008&period=P1D,50000008,50000078.0,50000914.0,생활/건강,생활용품,해충퇴치용품,2022-02-03 15:54:10,2022-02-03 15:54:10,Y
https://search.shopping.naver.com/best/category/purchase?categoryCategoryId=50000915&categoryChildCategoryId=50000915&categoryDemo=A00&categoryMidCategoryId=50000078&categoryRootCategoryId=50000008&period=P1D,50000008,50000078.0,50000915.0,생활/건강,생활용품,생활잡화,2022-02-03 15:54:10,2022-02-03 15:54:10,Y
https://search.shopping.naver.com/best/category/purchase?categoryCategoryId=50000916&categoryChildCategoryId=50000916&categoryDemo=A00&categoryMidCategoryId=50000078&categoryRootCategoryId=50000008&period=P1D,50000008,50000078.0,50000916.0,생활/건강,생활용품,보안용품,2022-02-03 15:54:10,2022-02-03 15:54:10,Y
https://search.shopping.naver.com/best/category/purchase?categoryCategoryId=50000079&categoryChildCategoryId=&categoryDemo=A00&categoryMidCategoryId=50000079&categoryRootCategoryId=50000008&period=P1D,50000008,50000079.0,,생활/건강,원예/식물,,2022-02-03 15:54:10,2022-02-03 15:54:10,Y
https://search.shopping.naver.com/best/category/purchase?categoryCategoryId=50001782&categoryChildCategoryId=50001782&categoryDemo=A00&categoryMidCategoryId=50000079&categoryRootCategoryId=50000008&period=P1D,50000008,50000079.0,50001782.0,생활/건강,원예/식물,공기정화식물,2022-02-03 15:54:10,2022-02-03 15:54:10,Y
https://search.shopping.naver.com/best/category/purchase?categoryCategoryId=50001783&categoryChildCategoryId=50001783&categoryDemo=A00&categoryMidCategoryId=50000079&categoryRootCategoryId=50000008&period=P1D,50000008,50000079.0,50001783.0,생활/건강,원예/식물,관엽식물,2022-02-03 15:54:10,2022-02-03 15:54:10,Y
https://search.shopping.naver.com/best/category/purchase?categoryCategoryId=50001784&categoryChildCategoryId=50001784&categoryDemo=A00&categoryMidCategoryId=50000079&categoryRootCategoryId=50000008&period=P1D,50000008,50000079.0,50001784.0,생활/건강,원예/식물,다육식물,2022-02-03 15:54:10,2022-02-03 15:54:10,Y
https://search.shopping.naver.com/best/category/purchase?categoryCategoryId=50001785&categoryChildCategoryId=50001785&categoryDemo=A00&categoryMidCategoryId=50000079&categoryRootCategoryId=50000008&period=P1D,50000008,50000079.0,50001785.0,생활/건강,원예/식물,수경식물,2022-02-03 15:54:10,2022-02-03 15:54:10,Y
https://search.shopping.naver.com/best/category/purchase?categoryCategoryId=50001788&categoryChildCategoryId=50001788&categoryDemo=A00&categoryMidCategoryId=50000079&categoryRootCategoryId=50000008&period=P1D,50000008,50000079.0,50001788.0,생활/건강,원예/식물,허브식물,2022-02-03 15:54:10,2022-02-03 15:54:10,Y
https://search.shopping.naver.com/best/category/purchase?categoryCategoryId=50001790&categoryChildCategoryId=50001790&categoryDemo=A00&categoryMidCategoryId=50000079&categoryRootCategoryId=50000008&period=P1D,50000008,50000079.0,50001790.0,생활/건강,원예/식물,미니화분,2022-02-03 15:54:10,2022-02-03 15:54:10,Y
https://search.shopping.naver.com/best/category/purchase?categoryCategoryId=50001791&categoryChildCategoryId=50001791&categoryDemo=A00&categoryMidCategoryId=50000079&categoryRootCategoryId=50000008&period=P1D,50000008,50000079.0,50001791.0,생활/건강,원예/식물,분재,2022-02-03 15:54:10,2022-02-03 15:54:10,Y
https://search.shopping.naver.com/best/category/purchase?categoryCategoryId=50001805&categoryChildCategoryId=50001805&categoryDemo=A00&categoryMidCategoryId=50000079&categoryRootCategoryId=50000008&period=P1D,50000008,50000079.0,50001805.0,생활/건강,원예/식물,씨앗/모종,2022-02-03 15:54:10,2022-02-03 15:54:10,Y
https://search.shopping.naver.com/best/category/purchase?categoryCategoryId=50001806&categoryChildCategoryId=50001806&categoryDemo=A00&categoryMidCategoryId=50000079&categoryRootCategoryId=50000008&period=P1D,50000008,50000079.0,50001806.0,생활/건강,원예/식물,조화,2022-02-03 15:54:10,2022-02-03 15:54:10,Y
https://search.shopping.naver.com/best/category/purchase?categoryCategoryId=50001807&categoryChildCategoryId=50001807&categoryDemo=A00&categoryMidCategoryId=50000079&categoryRootCategoryId=50000008&period=P1D,50000008,50000079.0,50001807.0,생활/건강,원예/식물,보존화,2022-02-03 15:54:10,2022-02-03 15:54:10,Y
https://search.shopping.naver.com/best/category/purchase?categoryCategoryId=50001809&categoryChildCategoryId=50001809&categoryDemo=A00&categoryMidCategoryId=50000079&categoryRootCategoryId=50000008&period=P1D,50000008,50000079.0,50001809.0,생활/건강,원예/식물,비누꽃,2022-02-03 15:54:10,2022-02-03 15:54:10,Y
https://search.shopping.naver.com/best/category/purchase?categoryCategoryId=50000080&categoryChildCategoryId=&categoryDemo=A00&categoryMidCategoryId=50000080&categoryRootCategoryId=50000008&period=P1D,50000008,50000080.0,,생활/건강,정원/원예용품,,2022-02-03 15:54:10,2022-02-03 15:54:10,Y
https://search.shopping.naver.com/best/category/purchase?categoryCategoryId=50001794&categoryChildCategoryId=50001794&categoryDemo=A00&categoryMidCategoryId=50000080&categoryRootCategoryId=50000008&period=P1D,50000008,50000080.0,50001794.0,생활/건강,정원/원예용품,물조리개,2022-02-03 15:54:10,2022-02-03 15:54:10,Y
https://search.shopping.naver.com/best/category/purchase?categoryCategoryId=50001795&categoryChildCategoryId=50001795&categoryDemo=A00&categoryMidCategoryId=50000080&categoryRootCategoryId=50000008&period=P1D,50000008,50000080.0,50001795.0,생활/건강,정원/원예용품,수반,2022-02-03 15:54:10,2022-02-03 15:54:10,Y
https://search.shopping.naver.com/best/category/purchase?categoryCategoryId=50001796&categoryChildCategoryId=50001796&categoryDemo=A00&categoryMidCategoryId=50000080&categoryRootCategoryId=50000008&period=P1D,50000008,50000080.0,50001796.0,생활/건강,정원/원예용품,원예부자재,2022-02-03 15:54:10,2022-02-03 15:54:10,Y
https://search.shopping.naver.com/best/category/purchase?categoryCategoryId=50001797&categoryChildCategoryId=50001797&categoryDemo=A00&categoryMidCategoryId=50000080&categoryRootCategoryId=50000008&period=P1D,50000008,50000080.0,50001797.0,생활/건강,정원/원예용품,자갈/모래/흙,2022-02-03 15:54:10,2022-02-03 15:54:10,Y
https://search.shopping.naver.com/best/category/purchase?categoryCategoryId=50001798&categoryChildCategoryId=50001798&categoryDemo=A00&categoryMidCategoryId=50000080&categoryRootCategoryId=50000008&period=P1D,50000008,50000080.0,50001798.0,생활/건강,정원/원예용품,정원데코,2022-02-03 15:54:10,2022-02-03 15:54:10,Y
https://search.shopping.naver.com/best/category/purchase?categoryCategoryId=50001799&categoryChildCategoryId=50001799&categoryDemo=A00&categoryMidCategoryId=50000080&categoryRootCategoryId=50000008&period=P1D,50000008,50000080.0,50001799.0,생활/건강,정원/원예용품,정원부자재,2022-02-03 15:54:10,2022-02-03 15:54:10,Y
https://search.shopping.naver.com/best/category/purchase?categoryCategoryId=50001800&categoryChildCategoryId=50001800&categoryDemo=A00&categoryMidCategoryId=50000080&categoryRootCategoryId=50000008&period=P1D,50000008,50000080.0,50001800.0,생활/건강,정원/원예용품,조경수/묘목,2022-02-03 15:54:10,2022-02-03 15:54:10,Y
https://search.shopping.naver.com/best/category/purchase?categoryCategoryId=50001801&categoryChildCategoryId=50001801&categoryDemo=A00&categoryMidCategoryId=50000080&categoryRootCategoryId=50000008&period=P1D,50000008,50000080.0,50001801.0,생활/건강,정원/원예용품,화분,2022-02-03 15:54:10,2022-02-03 15:54:10,Y
https://search.shopping.naver.com/best/category/purchase?categoryCategoryId=50001802&categoryChildCategoryId=50001802&categoryDemo=A00&categoryMidCategoryId=50000080&categoryRootCategoryId=50000008&period=P1D,50000008,50000080.0,50001802.0,생활/건강,정원/원예용품,화분대,2022-02-03 15:54:10,2022-02-03 15:54:10,Y
https://search.shopping.naver.com/best/category/purchase?categoryCategoryId=50001803&categoryChildCategoryId=50001803&categoryDemo=A00&categoryMidCategoryId=50000080&categoryRootCategoryId=50000008&period=P1D,50000008,50000080.0,50001803.0,생활/건강,정원/원예용품,화분받침,2022-02-03 15:54:10,2022-02-03 15:54:10,Y
https://search.shopping.naver.com/best/category/purchase?categoryCategoryId=50001804&categoryChildCategoryId=50001804&categoryDemo=A00&categoryMidCategoryId=50000080&categoryRootCategoryId=50000008&period=P1D,50000008,50000080.0,50001804.0,생활/건강,정원/원예용품,화분영양제/비료,2022-02-03 15:54:10,2022-02-03 15:54:10,Y
https://search.shopping.naver.com/best/category/purchase?categoryCategoryId=50000155&categoryChildCategoryId=&categoryDemo=A00&categoryMidCategoryId=50000155&categoryRootCategoryId=50000008&period=P1D,50000008,50000155.0,,생활/건강,반려동물,,2022-02-03 15:54:10,2022-02-03 15:54:10,Y
https://search.shopping.naver.com/best/category/purchase?categoryCategoryId=50000229&categoryChildCategoryId=50000229&categoryDemo=A00&categoryMidCategoryId=50000155&categoryRootCategoryId=50000008&period=P1D,50000008,50000155.0,50000229.0,생활/건강,반려동물,햄스터용품,2022-02-03 15:54:10,2022-02-03 15:54:10,Y
https://search.shopping.naver.com/best/category/purchase?categoryCategoryId=50000230&categoryChildCategoryId=50000230&categoryDemo=A00&categoryMidCategoryId=50000155&categoryRootCategoryId=50000008&period=P1D,50000008,50000155.0,50000230.0,생활/건강,반려동물,고슴도치용품,2022-02-03 15:54:10,2022-02-03 15:54:10,Y
https://search.shopping.naver.com/best/category/purchase?categoryCategoryId=50000232&categoryChildCategoryId=50000232&categoryDemo=A00&categoryMidCategoryId=50000155&categoryRootCategoryId=50000008&period=P1D,50000008,50000155.0,50000232.0,생활/건강,반려동물,조류용품,2022-02-03 15:54:10,2022-02-03 15:54:10,Y
https://search.shopping.naver.com/best/category/purchase?categoryCategoryId=50000233&categoryChildCategoryId=50000233&categoryDemo=A00&categoryMidCategoryId=50000155&categoryRootCategoryId=50000008&period=P1D,50000008,50000155.0,50000233.0,생활/건강,반려동물,기타반려동물용품,2022-02-03 15:54:10,2022-02-03 15:54:10,Y
https://search.shopping.naver.com/best/category/purchase?categoryCategoryId=50006630&categoryChildCategoryId=50006630&categoryDemo=A00&categoryMidCategoryId=50000155&categoryRootCategoryId=50000008&period=P1D,50000008,50000155.0,50006630.0,생활/건강,반려동물,강아지 사료,2022-02-03 15:54:10,2022-02-03 15:54:10,Y
https://search.shopping.naver.com/best/category/purchase?categoryCategoryId=50006636&categoryChildCategoryId=50006636&categoryDemo=A00&categoryMidCategoryId=50000155&categoryRootCategoryId=50000008&period=P1D,50000008,50000155.0,50006636.0,생활/건강,반려동물,강아지 간식,2022-02-03 15:54:10,2022-02-03 15:54:10,Y
https://search.shopping.naver.com/best/category/purchase?categoryCategoryId=50006646&categoryChildCategoryId=50006646&categoryDemo=A00&categoryMidCategoryId=50000155&categoryRootCategoryId=50000008&period=P1D,50000008,50000155.0,50006646.0,생활/건강,반려동물,강아지 배변용품,2022-02-03 15:54:10,2022-02-03 15:54:10,Y
https://search.shopping.naver.com/best/category/purchase?categoryCategoryId=50006654&categoryChildCategoryId=50006654&categoryDemo=A00&categoryMidCategoryId=50000155&categoryRootCategoryId=50000008&period=P1D,50000008,50000155.0,50006654.0,생활/건강,반려동물,강아지 건강/관리용품,2022-02-03 15:54:10,2022-02-03 15:54:10,Y
https://search.shopping.naver.com/best/category/purchase?categoryCategoryId=50006662&categoryChildCategoryId=50006662&categoryDemo=A00&categoryMidCategoryId=50000155&categoryRootCategoryId=50000008&period=P1D,50000008,50000155.0,50006662.0,생활/건강,반려동물,미용/목욕,2022-02-03 15:54:10,2022-02-03 15:54:10,Y
https://search.shopping.naver.com/best/category/purchase?categoryCategoryId=50006673&categoryChildCategoryId=50006673&categoryDemo=A00&categoryMidCategoryId=50000155&categoryRootCategoryId=50000008&period=P1D,50000008,50000155.0,50006673.0,생활/건강,반려동물,강아지 장난감/훈련,2022-02-03 15:54:10,2022-02-03 15:54:10,Y
https://search.shopping.naver.com/best/category/purchase?categoryCategoryId=50006678&categoryChildCategoryId=50006678&categoryDemo=A00&categoryMidCategoryId=50000155&categoryRootCategoryId=50000008&period=P1D,50000008,50000155.0,50006678.0,생활/건강,반려동물,고양이 사료,2022-02-03 15:54:10,2022-02-03 15:54:10,Y
https://search.shopping.naver.com/best/category/purchase?categoryCategoryId=50006684&categoryChildCategoryId=50006684&categoryDemo=A00&categoryMidCategoryId=50000155&categoryRootCategoryId=50000008&period=P1D,50000008,50000155.0,50006684.0,생활/건강,반려동물,고양이 간식,2022-02-03 15:54:10,2022-02-03 15:54:10,Y
https://search.shopping.naver.com/best/category/purchase?categoryCategoryId=50006694&categoryChildCategoryId=50006694&categoryDemo=A00&categoryMidCategoryId=50000155&categoryRootCategoryId=50000008&period=P1D,50000008,50000155.0,50006694.0,생활/건강,반려동물,고양이 배변용품,2022-02-03 15:54:10,2022-02-03 15:54:10,Y
https://search.shopping.naver.com/best/category/purchase?categoryCategoryId=50006704&categoryChildCategoryId=50006704&categoryDemo=A00&categoryMidCategoryId=50000155&categoryRootCategoryId=50000008&period=P1D,50000008,50000155.0,50006704.0,생활/건강,반려동물,고양이 건강/관리용품,2022-02-03 15:54:10,2022-02-03 15:54:10,Y
https://search.shopping.naver.com/best/category/purchase?categoryCategoryId=50006717&categoryChildCategoryId=50006717&categoryDemo=A00&categoryMidCategoryId=50000155&categoryRootCategoryId=50000008&period=P1D,50000008,50000155.0,50006717.0,생활/건강,반려동물,고양이 캣타워,2022-02-03 15:54:10,2022-02-03 15:54:10,Y
https://search.shopping.naver.com/best/category/purchase?categoryCategoryId=50006718&categoryChildCategoryId=50006718&categoryDemo=A00&categoryMidCategoryId=50000155&categoryRootCategoryId=50000008&period=P1D,50000008,50000155.0,50006718.0,생활/건강,반려동물,고양이 장난감,2022-02-03 15:54:10,2022-02-03 15:54:10,Y
https://search.shopping.naver.com/best/category/purchase?categoryCategoryId=50006724&categoryChildCategoryId=50006724&categoryDemo=A00&categoryMidCategoryId=50000155&categoryRootCategoryId=50000008&period=P1D,50000008,50000155.0,50006724.0,생활/건강,반려동물,리빙용품,2022-02-03 15:54:10,2022-02-03 15:54:10,Y
https://search.shopping.naver.com/best/category/purchase?categoryCategoryId=50006728&categoryChildCategoryId=50006728&categoryDemo=A00&categoryMidCategoryId=50000155&categoryRootCategoryId=50000008&period=P1D,50000008,50000155.0,50006728.0,생활/건강,반려동물,패션용품,2022-02-03 15:54:10,2022-02-03 15:54:10,Y
https://search.shopping.naver.com/best/category/purchase?categoryCategoryId=50006734&categoryChildCategoryId=50006734&categoryDemo=A00&categoryMidCategoryId=50000155&categoryRootCategoryId=50000008&period=P1D,50000008,50000155.0,50006734.0,생활/건강,반려동물,식기/급수기,2022-02-03 15:54:10,2022-02-03 15:54:10,Y
https://search.shopping.naver.com/best/category/purchase?categoryCategoryId=50006740&categoryChildCategoryId=50006740&categoryDemo=A00&categoryMidCategoryId=50000155&categoryRootCategoryId=50000008&period=P1D,50000008,50000155.0,50006740.0,생활/건강,반려동물,이동장/외출용품,2022-02-03 15:54:10,2022-02-03 15:54:10,Y
https://search.shopping.naver.com/best/category/purchase?categoryCategoryId=50006747&categoryChildCategoryId=50006747&categoryDemo=A00&categoryMidCategoryId=50000155&categoryRootCategoryId=50000008&period=P1D,50000008,50000155.0,50006747.0,생활/건강,반려동물,야외용품,2022-02-03 15:54:10,2022-02-03 15:54:10,Y
https://search.shopping.naver.com/best/category/purchase?categoryCategoryId=50000156&categoryChildCategoryId=&categoryDemo=A00&categoryMidCategoryId=50000156&categoryRootCategoryId=50000008&period=P1D,50000008,50000156.0,,생활/건강,악기,,2022-02-03 15:54:10,2022-02-03 15:54:10,Y
https://search.shopping.naver.com/best/category/purchase?categoryCategoryId=50000868&categoryChildCategoryId=50000868&categoryDemo=A00&categoryMidCategoryId=50000156&categoryRootCategoryId=50000008&period=P1D,50000008,50000156.0,50000868.0,생활/건강,악기,기타(guitar),2022-02-03 15:54:10,2022-02-03 15:54:10,Y
https://search.shopping.naver.com/best/category/purchase?categoryCategoryId=50000869&categoryChildCategoryId=50000869&categoryDemo=A00&categoryMidCategoryId=50000156&categoryRootCategoryId=50000008&period=P1D,50000008,50000156.0,50000869.0,생활/건강,악기,건반악기,2022-02-03 15:54:10,2022-02-03 15:54:10,Y
https://search.shopping.naver.com/best/category/purchase?categoryCategoryId=50000870&categoryChildCategoryId=50000870&categoryDemo=A00&categoryMidCategoryId=50000156&categoryRootCategoryId=50000008&period=P1D,50000008,50000156.0,50000870.0,생활/건강,악기,현악기,2022-02-03 15:54:10,2022-02-03 15:54:10,Y
https://search.shopping.naver.com/best/category/purchase?categoryCategoryId=50000871&categoryChildCategoryId=50000871&categoryDemo=A00&categoryMidCategoryId=50000156&categoryRootCategoryId=50000008&period=P1D,50000008,50000156.0,50000871.0,생활/건강,악기,관악기,2022-02-03 15:54:10,2022-02-03 15:54:10,Y
https://search.shopping.naver.com/best/category/purchase?categoryCategoryId=50000872&categoryChildCategoryId=50000872&categoryDemo=A00&categoryMidCategoryId=50000156&categoryRootCategoryId=50000008&period=P1D,50000008,50000156.0,50000872.0,생활/건강,악기,타악기,2022-02-03 15:54:10,2022-02-03 15:54:10,Y
https://search.shopping.naver.com/best/category/purchase?categoryCategoryId=50000873&categoryChildCategoryId=50000873&categoryDemo=A00&categoryMidCategoryId=50000156&categoryRootCategoryId=50000008&period=P1D,50000008,50000156.0,50000873.0,생활/건강,악기,국악기,2022-02-03 15:54:10,2022-02-03 15:54:10,Y
https://search.shopping.naver.com/best/category/purchase?categoryCategoryId=50000874&categoryChildCategoryId=50000874&categoryDemo=A00&categoryMidCategoryId=50000156&categoryRootCategoryId=50000008&period=P1D,50000008,50000156.0,50000874.0,생활/건강,악기,음향기자재,2022-02-03 15:54:10,2022-02-03 15:54:10,Y
https://search.shopping.naver.com/best/category/purchase?categoryCategoryId=50000875&categoryChildCategoryId=50000875&categoryDemo=A00&categoryMidCategoryId=50000156&categoryRootCategoryId=50000008&period=P1D,50000008,50000156.0,50000875.0,생활/건강,악기,기타악기,2022-02-03 15:54:10,2022-02-03 15:54:10,Y
https://search.shopping.naver.com/best/category/purchase?categoryCategoryId=50000959&categoryChildCategoryId=50000959&categoryDemo=A00&categoryMidCategoryId=50000156&categoryRootCategoryId=50000008&period=P1D,50000008,50000156.0,50000959.0,생활/건강,악기,피아노,2022-02-03 15:54:10,2022-02-03 15:54:10,Y
https://search.shopping.naver.com/best/category/purchase?categoryCategoryId=50000157&categoryChildCategoryId=&categoryDemo=A00&categoryMidCategoryId=50000157&categoryRootCategoryId=50000008&period=P1D,50000008,50000157.0,,생활/건강,욕실용품,,2022-02-03 15:54:10,2022-02-03 15:54:10,Y
https://search.shopping.naver.com/best/category/purchase?categoryCategoryId=50000896&categoryChildCategoryId=50000896&categoryDemo=A00&categoryMidCategoryId=50000157&categoryRootCategoryId=50000008&period=P1D,50000008,50000157.0,50000896.0,생활/건강,욕실용품,비데/비데용품,2022-02-03 15:54:10,2022-02-03 15:54:10,Y
https://search.shopping.naver.com/best/category/purchase?categoryCategoryId=50000897&categoryChildCategoryId=50000897&categoryDemo=A00&categoryMidCategoryId=50000157&categoryRootCategoryId=50000008&period=P1D,50000008,50000157.0,50000897.0,생활/건강,욕실용품,욕조/반신욕용품,2022-02-03 15:54:10,2022-02-03 15:54:10,Y
https://search.shopping.naver.com/best/category/purchase?categoryCategoryId=50000898&categoryChildCategoryId=50000898&categoryDemo=A00&categoryMidCategoryId=50000157&categoryRootCategoryId=50000008&period=P1D,50000008,50000157.0,50000898.0,생활/건강,욕실용품,욕실잡화,2022-02-03 15:54:10,2022-02-03 15:54:10,Y
https://search.shopping.naver.com/best/category/purchase?categoryCategoryId=50000899&categoryChildCategoryId=50000899&categoryDemo=A00&categoryMidCategoryId=50000157&categoryRootCategoryId=50000008&period=P1D,50000008,50000157.0,50000899.0,생활/건강,욕실용품,샤워기/수전용품,2022-02-03 15:54:10,2022-02-03 15:54:10,Y
https://search.shopping.naver.com/best/category/purchase?categoryCategoryId=50000900&categoryChildCategoryId=50000900&categoryDemo=A00&categoryMidCategoryId=50000157&categoryRootCategoryId=50000008&period=P1D,50000008,50000157.0,50000900.0,생활/건강,욕실용품,면도용품,2022-02-03 15:54:10,2022-02-03 15:54:10,Y
https://search.shopping.naver.com/best/category/purchase?categoryCategoryId=50008509&categoryChildCategoryId=50008509&categoryDemo=A00&categoryMidCategoryId=50000157&categoryRootCategoryId=50000008&period=P1D,50000008,50000157.0,50008509.0,생활/건강,욕실용품,욕실청소용품,2022-02-03 15:54:10,2022-02-03 15:54:10,Y
https://search.shopping.naver.com/best/category/purchase?categoryCategoryId=50008528&categoryChildCategoryId=50008528&categoryDemo=A00&categoryMidCategoryId=50000157&categoryRootCategoryId=50000008&period=P1D,50000008,50000157.0,50008528.0,생활/건강,욕실용품,샤워/목욕용품,2022-02-03 15:54:10,2022-02-03 15:54:10,Y
https://search.shopping.naver.com/best/category/purchase?categoryCategoryId=50008568&categoryChildCategoryId=50008568&categoryDemo=A00&categoryMidCategoryId=50000157&categoryRootCategoryId=50000008&period=P1D,50000008,50000157.0,50008568.0,생활/건강,욕실용품,수건/타월,2022-02-03 15:54:10,2022-02-03 15:54:10,Y
https://search.shopping.naver.com/best/category/purchase?categoryCategoryId=50008628&categoryChildCategoryId=50008628&categoryDemo=A00&categoryMidCategoryId=50000157&categoryRootCategoryId=50000008&period=P1D,50000008,50000157.0,50008628.0,생활/건강,욕실용품,욕실장/선반,2022-02-03 15:54:10,2022-02-03 15:54:10,Y
https://search.shopping.naver.com/best/category/purchase?categoryCategoryId=50008708&categoryChildCategoryId=50008708&categoryDemo=A00&categoryMidCategoryId=50000157&categoryRootCategoryId=50000008&period=P1D,50000008,50000157.0,50008708.0,생활/건강,욕실용품,욕실용기/홀더,2022-02-03 15:54:10,2022-02-03 15:54:10,Y
https://search.shopping.naver.com/best/category/purchase?categoryCategoryId=50008768&categoryChildCategoryId=50008768&categoryDemo=A00&categoryMidCategoryId=50000157&categoryRootCategoryId=50000008&period=P1D,50000008,50000157.0,50008768.0,생활/건강,욕실용품,욕실발판/욕실매트,2022-02-03 15:54:10,2022-02-03 15:54:10,Y
https://search.shopping.naver.com/best/category/purchase?categoryCategoryId=50008808&categoryChildCategoryId=50008808&categoryDemo=A00&categoryMidCategoryId=50000157&categoryRootCategoryId=50000008&period=P1D,50000008,50000157.0,50008808.0,생활/건강,욕실용품,위생도기,2022-02-03 15:54:10,2022-02-03 15:54:10,Y
https://search.shopping.naver.com/best/category/purchase?categoryCategoryId=50000158&categoryChildCategoryId=&categoryDemo=A00&categoryMidCategoryId=50000158&categoryRootCategoryId=50000008&period=P1D,50000008,50000158.0,,생활/건강,문구/사무용품,,2022-02-03 15:54:10,2022-02-03 15:54:10,Y
https://search.shopping.naver.com/best/category/purchase?categoryCategoryId=50000921&categoryChildCategoryId=50000921&categoryDemo=A00&categoryMidCategoryId=50000158&categoryRootCategoryId=50000008&period=P1D,50000008,50000158.0,50000921.0,생활/건강,문구/사무용품,제도용품,2022-02-03 15:54:10,2022-02-03 15:54:10,Y
https://search.shopping.naver.com/best/category/purchase?categoryCategoryId=50000922&categoryChildCategoryId=50000922&categoryDemo=A00&categoryMidCategoryId=50000158&categoryRootCategoryId=50000008&period=P1D,50000008,50000158.0,50000922.0,생활/건강,문구/사무용품,이벤트/파티용품,2022-02-03 15:54:10,2022-02-03 15:54:10,Y
https://search.shopping.naver.com/best/category/purchase?categoryCategoryId=50001039&categoryChildCategoryId=50001039&categoryDemo=A00&categoryMidCategoryId=50000158&categoryRootCategoryId=50000008&period=P1D,50000008,50000158.0,50001039.0,생활/건강,문구/사무용품,다이어리/플래너,2022-02-03 15:54:10,2022-02-03 15:54:10,Y
https://search.shopping.naver.com/best/category/purchase?categoryCategoryId=50001040&categoryChildCategoryId=50001040&categoryDemo=A00&categoryMidCategoryId=50000158&categoryRootCategoryId=50000008&period=P1D,50000008,50000158.0,50001040.0,생활/건강,문구/사무용품,노트/수첩,2022-02-03 15:54:10,2022-02-03 15:54:10,Y
https://search.shopping.naver.com/best/category/purchase?categoryCategoryId=50001041&categoryChildCategoryId=50001041&categoryDemo=A00&categoryMidCategoryId=50000158&categoryRootCategoryId=50000008&period=P1D,50000008,50000158.0,50001041.0,생활/건강,문구/사무용품,필기도구,2022-02-03 15:54:10,2022-02-03 15:54:10,Y
https://search.shopping.naver.com/best/category/purchase?categoryCategoryId=50001042&categoryChildCategoryId=50001042&categoryDemo=A00&categoryMidCategoryId=50000158&categoryRootCategoryId=50000008&period=P1D,50000008,50000158.0,50001042.0,생활/건강,문구/사무용품,앨범,2022-02-03 15:54:10,2022-02-03 15:54:10,Y
https://search.shopping.naver.com/best/category/purchase?categoryCategoryId=50001043&categoryChildCategoryId=50001043&categoryDemo=A00&categoryMidCategoryId=50000158&categoryRootCategoryId=50000008&period=P1D,50000008,50000158.0,50001043.0,생활/건강,문구/사무용품,보드/칠판,2022-02-03 15:54:10,2022-02-03 15:54:10,Y
https://search.shopping.naver.com/best/category/purchase?categoryCategoryId=50001044&categoryChildCategoryId=50001044&categoryDemo=A00&categoryMidCategoryId=50000158&categoryRootCategoryId=50000008&period=P1D,50000008,50000158.0,50001044.0,생활/건강,문구/사무용품,데스크용품,2022-02-03 15:54:10,2022-02-03 15:54:10,Y
https://search.shopping.naver.com/best/category/purchase?categoryCategoryId=50001047&categoryChildCategoryId=50001047&categoryDemo=A00&categoryMidCategoryId=50000158&categoryRootCategoryId=50000008&period=P1D,50000008,50000158.0,50001047.0,생활/건강,문구/사무용품,용지,2022-02-03 15:54:10,2022-02-03 15:54:10,Y
https://search.shopping.naver.com/best/category/purchase?categoryCategoryId=50001048&categoryChildCategoryId=50001048&categoryDemo=A00&categoryMidCategoryId=50000158&categoryRootCategoryId=50000008&period=P1D,50000008,50000158.0,50001048.0,생활/건강,문구/사무용품,사무기기,2022-02-03 15:54:10,2022-02-03 15:54:10,Y
https://search.shopping.naver.com/best/category/purchase?categoryCategoryId=50007588&categoryChildCategoryId=50007588&categoryDemo=A00&categoryMidCategoryId=50000158&categoryRootCategoryId=50000008&period=P1D,50000008,50000158.0,50007588.0,생활/건강,문구/사무용품,스티커/테이프,2022-02-03 15:54:10,2022-02-03 15:54:10,Y
https://search.shopping.naver.com/best/category/purchase?categoryCategoryId=50007748&categoryChildCategoryId=50007748&categoryDemo=A00&categoryMidCategoryId=50000158&categoryRootCategoryId=50000008&period=P1D,50000008,50000158.0,50007748.0,생활/건강,문구/사무용품,스탬프/도장,2022-02-03 15:54:10,2022-02-03 15:54:10,Y
https://search.shopping.naver.com/best/category/purchase?categoryCategoryId=50007749&categoryChildCategoryId=50007749&categoryDemo=A00&categoryMidCategoryId=50000158&categoryRootCategoryId=50000008&period=P1D,50000008,50000158.0,50007749.0,생활/건강,문구/사무용품,문구용품,2022-02-03 15:54:10,2022-02-03 15:54:10,Y
https://search.shopping.naver.com/best/category/purchase?categoryCategoryId=50008028&categoryChildCategoryId=50008028&categoryDemo=A00&categoryMidCategoryId=50000158&categoryRootCategoryId=50000008&period=P1D,50000008,50000158.0,50008028.0,생활/건강,문구/사무용품,파일/바인더,2022-02-03 15:54:10,2022-02-03 15:54:10,Y
https://search.shopping.naver.com/best/category/purchase?categoryCategoryId=50008108&categoryChildCategoryId=50008108&categoryDemo=A00&categoryMidCategoryId=50000158&categoryRootCategoryId=50000008&period=P1D,50000008,50000158.0,50008108.0,생활/건강,문구/사무용품,지도/지구본,2022-02-03 15:54:10,2022-02-03 15:54:10,Y
https://search.shopping.naver.com/best/category/purchase?categoryCategoryId=50008110&categoryChildCategoryId=50008110&categoryDemo=A00&categoryMidCategoryId=50000158&categoryRootCategoryId=50000008&period=P1D,50000008,50000158.0,50008110.0,생활/건강,문구/사무용품,카드/엽서/봉투,2022-02-03 15:54:10,2022-02-03 15:54:10,Y
https://search.shopping.naver.com/best/category/purchase?categoryCategoryId=50008248&categoryChildCategoryId=50008248&categoryDemo=A00&categoryMidCategoryId=50000158&categoryRootCategoryId=50000008&period=P1D,50000008,50000158.0,50008248.0,생활/건강,문구/사무용품,사무용품,2022-02-03 15:54:10,2022-02-03 15:54:10,Y
https://search.shopping.naver.com/best/category/purchase?categoryCategoryId=50000165&categoryChildCategoryId=&categoryDemo=A00&categoryMidCategoryId=50000165&categoryRootCategoryId=50000008&period=P1D,50000008,50000165.0,,생활/건강,공구,,2022-02-03 15:54:10,2022-02-03 15:54:10,Y
https://search.shopping.naver.com/best/category/purchase?categoryCategoryId=50001020&categoryChildCategoryId=50001020&categoryDemo=A00&categoryMidCategoryId=50000165&categoryRootCategoryId=50000008&period=P1D,50000008,50000165.0,50001020.0,생활/건강,공구,목공공구,2022-02-03 15:54:10,2022-02-03 15:54:10,Y
https://search.shopping.naver.com/best/category/purchase?categoryCategoryId=50001021&categoryChildCategoryId=50001021&categoryDemo=A00&categoryMidCategoryId=50000165&categoryRootCategoryId=50000008&period=P1D,50000008,50000165.0,50001021.0,생활/건강,공구,설비공구,2022-02-03 15:54:10,2022-02-03 15:54:10,Y
https://search.shopping.naver.com/best/category/purchase?categoryCategoryId=50001022&categoryChildCategoryId=50001022&categoryDemo=A00&categoryMidCategoryId=50000165&categoryRootCategoryId=50000008&period=P1D,50000008,50000165.0,50001022.0,생활/건강,공구,용접공구,2022-02-03 15:54:10,2022-02-03 15:54:10,Y
https://search.shopping.naver.com/best/category/purchase?categoryCategoryId=50001023&categoryChildCategoryId=50001023&categoryDemo=A00&categoryMidCategoryId=50000165&categoryRootCategoryId=50000008&period=P1D,50000008,50000165.0,50001023.0,생활/건강,공구,예초기,2022-02-03 15:54:10,2022-02-03 15:54:10,Y
https://search.shopping.naver.com/best/category/purchase?categoryCategoryId=50001024&categoryChildCategoryId=50001024&categoryDemo=A00&categoryMidCategoryId=50000165&categoryRootCategoryId=50000008&period=P1D,50000008,50000165.0,50001024.0,생활/건강,공구,원예공구,2022-02-03 15:54:10,2022-02-03 15:54:10,Y
https://search.shopping.naver.com/best/category/purchase?categoryCategoryId=50001025&categoryChildCategoryId=50001025&categoryDemo=A00&categoryMidCategoryId=50000165&categoryRootCategoryId=50000008&period=P1D,50000008,50000165.0,50001025.0,생활/건강,공구,에어공구,2022-02-03 15:54:10,2022-02-03 15:54:10,Y
https://search.shopping.naver.com/best/category/purchase?categoryCategoryId=50001026&categoryChildCategoryId=50001026&categoryDemo=A00&categoryMidCategoryId=50000165&categoryRootCategoryId=50000008&period=P1D,50000008,50000165.0,50001026.0,생활/건강,공구,수작업공구,2022-02-03 15:54:10,2022-02-03 15:54:10,Y
https://search.shopping.naver.com/best/category/purchase?categoryCategoryId=50001027&categoryChildCategoryId=50001027&categoryDemo=A00&categoryMidCategoryId=50000165&categoryRootCategoryId=50000008&period=P1D,50000008,50000165.0,50001027.0,생활/건강,공구,전동공구,2022-02-03 15:54:10,2022-02-03 15:54:10,Y
https://search.shopping.naver.com/best/category/purchase?categoryCategoryId=50001028&categoryChildCategoryId=50001028&categoryDemo=A00&categoryMidCategoryId=50000165&categoryRootCategoryId=50000008&period=P1D,50000008,50000165.0,50001028.0,생활/건강,공구,절삭공구,2022-02-03 15:54:10,2022-02-03 15:54:10,Y
https://search.shopping.naver.com/best/category/purchase?categoryCategoryId=50001029&categoryChildCategoryId=50001029&categoryDemo=A00&categoryMidCategoryId=50000165&categoryRootCategoryId=50000008&period=P1D,50000008,50000165.0,50001029.0,생활/건강,공구,측정공구,2022-02-03 15:54:10,2022-02-03 15:54:10,Y
https://search.shopping.naver.com/best/category/purchase?categoryCategoryId=50001030&categoryChildCategoryId=50001030&categoryDemo=A00&categoryMidCategoryId=50000165&categoryRootCategoryId=50000008&period=P1D,50000008,50000165.0,50001030.0,생활/건강,공구,소형기계,2022-02-03 15:54:10,2022-02-03 15:54:10,Y
https://search.shopping.naver.com/best/category/purchase?categoryCategoryId=50001031&categoryChildCategoryId=50001031&categoryDemo=A00&categoryMidCategoryId=50000165&categoryRootCategoryId=50000008&period=P1D,50000008,50000165.0,50001031.0,생활/건강,공구,안전용품,2022-02-03 15:54:10,2022-02-03 15:54:10,Y
https://search.shopping.naver.com/best/category/purchase?categoryCategoryId=50001032&categoryChildCategoryId=50001032&categoryDemo=A00&categoryMidCategoryId=50000165&categoryRootCategoryId=50000008&period=P1D,50000008,50000165.0,50001032.0,생활/건강,공구,전기용품,2022-02-03 15:54:10,2022-02-03 15:54:10,Y
https://search.shopping.naver.com/best/category/purchase?categoryCategoryId=50001033&categoryChildCategoryId=50001033&categoryDemo=A00&categoryMidCategoryId=50000165&categoryRootCategoryId=50000008&period=P1D,50000008,50000165.0,50001033.0,생활/건강,공구,접착용품,2022-02-03 15:54:10,2022-02-03 15:54:10,Y
https://search.shopping.naver.com/best/category/purchase?categoryCategoryId=50001034&categoryChildCategoryId=50001034&categoryDemo=A00&categoryMidCategoryId=50000165&categoryRootCategoryId=50000008&period=P1D,50000008,50000165.0,50001034.0,생활/건강,공구,체결용품,2022-02-03 15:54:10,2022-02-03 15:54:10,Y
https://search.shopping.naver.com/best/category/purchase?categoryCategoryId=50001035&categoryChildCategoryId=50001035&categoryDemo=A00&categoryMidCategoryId=50000165&categoryRootCategoryId=50000008&period=P1D,50000008,50000165.0,50001035.0,생활/건강,공구,페인트,2022-02-03 15:54:10,2022-02-03 15:54:10,Y
https://search.shopping.naver.com/best/category/purchase?categoryCategoryId=50001036&categoryChildCategoryId=50001036&categoryDemo=A00&categoryMidCategoryId=50000165&categoryRootCategoryId=50000008&period=P1D,50000008,50000165.0,50001036.0,생활/건강,공구,페인트용품,2022-02-03 15:54:10,2022-02-03 15:54:10,Y
https://search.shopping.naver.com/best/category/purchase?categoryCategoryId=50001037&categoryChildCategoryId=50001037&categoryDemo=A00&categoryMidCategoryId=50000165&categoryRootCategoryId=50000008&period=P1D,50000008,50000165.0,50001037.0,생활/건강,공구,운반용품,2022-02-03 15:54:10,2022-02-03 15:54:10,Y
https://search.shopping.naver.com/best/category/purchase?categoryCategoryId=50001038&categoryChildCategoryId=50001038&categoryDemo=A00&categoryMidCategoryId=50000165&categoryRootCategoryId=50000008&period=P1D,50000008,50000165.0,50001038.0,생활/건강,공구,포장용품,2022-02-03 15:54:10,2022-02-03 15:54:10,Y
https://search.shopping.naver.com/best/category/purchase?categoryCategoryId=50000009&categoryDemo=A00&categoryRootCategoryId=50000009&period=P1D,50000009,,,여가/생활편의,,,2022-02-03 15:54:10,2022-02-03 15:54:10,Y
https://search.shopping.naver.com/best/category/purchase?categoryCategoryId=50007252&categoryChildCategoryId=&categoryDemo=A00&categoryMidCategoryId=50007252&categoryRootCategoryId=50000009&period=P1D,50000009,50007252.0,,여가/생활편의,국내여행/체험,,2022-02-03 15:54:10,2022-02-03 15:54:10,Y
https://search.shopping.naver.com/best/category/purchase?categoryCategoryId=50007253&categoryChildCategoryId=50007253&categoryDemo=A00&categoryMidCategoryId=50007252&categoryRootCategoryId=50000009&period=P1D,50000009,50007252.0,50007253.0,여가/생활편의,국내여행/체험,국내패키지/기타,2022-02-03 15:54:10,2022-02-03 15:54:10,Y
https://search.shopping.naver.com/best/category/purchase?categoryCategoryId=50007254&categoryChildCategoryId=50007254&categoryDemo=A00&categoryMidCategoryId=50007252&categoryRootCategoryId=50000009&period=P1D,50000009,50007252.0,50007254.0,여가/생활편의,국내여행/체험,국내숙박,2022-02-03 15:54:10,2022-02-03 15:54:10,Y
https://search.shopping.naver.com/best/category/purchase?categoryCategoryId=50007264&categoryChildCategoryId=50007264&categoryDemo=A00&categoryMidCategoryId=50007252&categoryRootCategoryId=50000009&period=P1D,50000009,50007252.0,50007264.0,여가/생활편의,국내여행/체험,공연/티켓,2022-02-03 15:54:10,2022-02-03 15:54:10,Y
https://search.shopping.naver.com/best/category/purchase?categoryCategoryId=50007274&categoryChildCategoryId=50007274&categoryDemo=A00&categoryMidCategoryId=50007252&categoryRootCategoryId=50000009&period=P1D,50000009,50007252.0,50007274.0,여가/생활편의,국내여행/체험,액티비티,2022-02-03 15:54:10,2022-02-03 15:54:10,Y
https://search.shopping.naver.com/best/category/purchase?categoryCategoryId=50007256&categoryChildCategoryId=&categoryDemo=A00&categoryMidCategoryId=50007256&categoryRootCategoryId=50000009&period=P1D,50000009,50007256.0,,여가/생활편의,해외여행,,2022-02-03 15:54:10,2022-02-03 15:54:10,Y
https://search.shopping.naver.com/best/category/purchase?categoryCategoryId=50007261&categoryChildCategoryId=&categoryDemo=A00&categoryMidCategoryId=50007261&categoryRootCategoryId=50000009&period=P1D,50000009,50007261.0,,여가/생활편의,렌터카,,2022-02-03 15:54:10,2022-02-03 15:54:10,Y
https://search.shopping.naver.com/best/category/purchase?categoryCategoryId=50007263&categoryChildCategoryId=50007263&categoryDemo=A00&categoryMidCategoryId=50007261&categoryRootCategoryId=50000009&period=P1D,50000009,50007261.0,50007263.0,여가/생활편의,렌터카,단기렌터카,2022-02-03 15:54:10,2022-02-03 15:54:10,Y
https://search.shopping.naver.com/best/category/purchase?categoryCategoryId=50007286&categoryChildCategoryId=&categoryDemo=A00&categoryMidCategoryId=50007286&categoryRootCategoryId=50000009&period=P1D,50000009,50007286.0,,여가/생활편의,생활편의,,2022-02-03 15:54:10,2022-02-03 15:54:10,Y
https://search.shopping.naver.com/best/category/purchase?categoryCategoryId=50007287&categoryChildCategoryId=50007287&categoryDemo=A00&categoryMidCategoryId=50007286&categoryRootCategoryId=50000009&period=P1D,50000009,50007286.0,50007287.0,여가/생활편의,생활편의,e쿠폰,2022-02-03 15:54:10,2022-02-03 15:54:10,Y
https://search.shopping.naver.com/best/category/purchase?categoryCategoryId=50007304&categoryChildCategoryId=50007304&categoryDemo=A00&categoryMidCategoryId=50007286&categoryRootCategoryId=50000009&period=P1D,50000009,50007286.0,50007304.0,여가/생활편의,생활편의,사진/영상 촬영,2022-02-03 15:54:10,2022-02-03 15:54:10,Y
https://search.shopping.naver.com/best/category/purchase?categoryCategoryId=50007305&categoryChildCategoryId=50007305&categoryDemo=A00&categoryMidCategoryId=50007286&categoryRootCategoryId=50000009&period=P1D,50000009,50007286.0,50007305.0,여가/생활편의,생활편의,지류/카드 상품권,2022-02-03 15:54:10,2022-02-03 15:54:10,Y
https://search.shopping.naver.com/best/category/purchase?categoryCategoryId=50007314&categoryChildCategoryId=50007314&categoryDemo=A00&categoryMidCategoryId=50007286&categoryRootCategoryId=50000009&period=P1D,50000009,50007286.0,50007314.0,여가/생활편의,생활편의,온라인 콘텐츠,2022-02-03 15:54:10,2022-02-03 15:54:10,Y
https://search.shopping.naver.com/best/category/purchase?categoryCategoryId=50007343&categoryChildCategoryId=50007343&categoryDemo=A00&categoryMidCategoryId=50007286&categoryRootCategoryId=50000009&period=P1D,50000009,50007286.0,50007343.0,여가/생활편의,생활편의,꽃/케이크배달,2022-02-03 15:54:10,2022-02-03 15:54:10,Y
